LCOE:116.9814609957127COST:{'COST PV': array([4380309.22,   25950.51,   25950.51,   25950.51,   25950.51,
         25950.51,   25950.51,   25950.51,   25950.51,   25950.51,
         25950.51,   25950.51,   25950.51,   25950.51,   25950.51,
         25950.51,   25950.51,   25950.51,   25950.51,   25950.51]), 'TOTAL COST PV': 4873368.93, 'LCOE PV': 96.43, 'COST Wind': array([2861978.83,    6261.61,    6261.61,    6261.61,    6261.61,
          6261.61,    6261.61,    6261.61,    6261.61,    6261.61,
          6261.61,    6261.61,    6261.61,    6261.61,    6261.61,
          6261.61,    6261.61,    6261.61,    6261.61,    6261.61]), 'TOTAL COST Wind': 2980949.44, 'LCOE WIND': 58.5, 'COST DIESEL': array([434979.05, 434979.05, 190636.39, 434979.05, 434979.05, 190636.39,
       434979.05, 434979.05, 190636.39, 434979.05, 434979.05, 190636.39,
       434979.05, 434979.05, 190636.39, 434979.05, 434979.05, 190636.39,
       434979.05, 434979.05]), 'TOTAL COST DIESEL': 7233525.07, 'LCOE DIESEL': 2094.78, 'COST BATTERY': array([820656.19,  61661.33,  61661.33,  61661.33, 820656.19,  61661.33,
        61661.33,  61661.33, 820656.19,  61661.33,  61661.33,  61661.33,
       820656.19,  61661.33,  61661.33,  61661.33, 820656.19,  61661.33,
        61661.33,  61661.33]), 'TOTAL COST BATTERY': 5028200.83, 'LCOE BATTERY': 76.72}
global_best_position:[5994.57408389    9.4474213    56.05575058    7.26969915]
global_best_fitness_value: 19921141.153209392
PSO.best[variables]:{'pv_cap_max': 5994.574083894589, 'wind_cap_max': 9.447421298877833, 'battery_cap_max': 56.05575057613707, 'battery_max': 44.84460046090966, 'battery_min': 11.211150115227415, 'diesel_max': 7.269699148149012, 'demand_sum': 5230.855261158001, 'pv_power_sum': 2527.0151211353714, 'wind_power_sum': 2548.0011719012846, 'battery_charging_power_sum': 3293.802783437833, 'battery_discharging_power_sum': 3276.9860582649903, 'diesel_power_sum': 172.65569329418724, 'trashed_power_sum': 0, 'Diesel_Cf_sum': 9528.620974811125}
PSO.initial_cost_parameters:{'It_PV_1kW[yen/year]': [726383.3333, 0, 0, 0, 0, 0, 0, 0, 0, 0, 0, 0, 0, 0, 0, 0, 0, 0, 0, 0], 'Mt_PV_1kW[yen/year]': [4329, 4329, 4329, 4329, 4329, 4329, 4329, 4329, 4329, 4329, 4329, 4329, 4329, 4329, 4329, 4329, 4329, 4329, 4329, 4329], 'Ft_PV_1kW[yen/year]': [0, 0, 0, 0, 0, 0, 0, 0, 0, 0, 0, 0, 0, 0, 0, 0, 0, 0, 0, 0], 'It_Wind_1kW[yen/year]': [302274.7826, 0, 0, 0, 0, 0, 0, 0, 0, 0, 0, 0, 0, 0, 0, 0, 0, 0, 0, 0], 'Mt_Wind_1kW[yen/year]': [662.785213, 662.785213, 662.785213, 662.785213, 662.785213, 662.785213, 662.785213, 662.785213, 662.785213, 662.785213, 662.785213, 662.785213, 662.785213, 662.785213, 662.785213, 662.785213, 662.785213, 662.785213, 662.785213, 662.785213], 'Ft_Wind_1kW[yen/year]': [0, 0, 0, 0, 0, 0, 0, 0, 0, 0, 0, 0, 0, 0, 0, 0, 0, 0, 0, 0], 'It_Diesel_1kW[yen/year]': [33611.11, 33611.11, 0, 33611.11, 33611.11, 0, 33611.11, 33611.11, 0, 33611.11, 33611.11, 0, 33611.11, 33611.11, 0, 33611.11, 33611.11, 0, 33611.11, 33611.11], 'Mt_Diesel_1kW[yen/year]': [8.8, 8.8, 8.8, 8.8, 8.8, 8.8, 8.8, 8.8, 8.8, 8.8, 8.8, 8.8, 8.8, 8.8, 8.8, 8.8, 8.8, 8.8, 8.8, 8.8], 'Diesel_Pf': 129, 'Diesel_Adg': 0.2461, 'Diesel_Bdg': 0.081451, 'It_Battery_1kW[yen/year]': [13540, 0, 0, 0, 13540, 0, 0, 0, 13540, 0, 0, 0, 13540, 0, 0, 0, 13540, 0, 0, 0], 'Mt_Battery_1kW[yen/year]': [1100, 1100, 1100, 1100, 1100, 1100, 1100, 1100, 1100, 1100, 1100, 1100, 1100, 1100, 1100, 1100, 1100, 1100, 1100, 1100], 'Ft_Battery_1kW[yen/year]': [0, 0, 0, 0, 0, 0, 0, 0, 0, 0, 0, 0, 0, 0, 0, 0, 0, 0, 0, 0], 'Sell_income_from_trashed[kWh/yen]': [0, 0, 0, 0, 0, 0, 0, 0, 0, 0, 0, 0, 0, 0, 0, 0, 0, 0, 0, 0], 'r[yen/year]': [0.0234375, 0.0234375, 0.0234375, 0.0234375, 0.0234375, 0.0234375, 0.0234375, 0.0234375, 0.0234375, 0.0234375, 0.0234375, 0.0234375, 0.0234375, 0.0234375, 0.0234375, 0.0234375, 0.0234375, 0.0234375, 0.0234375, 0.0234375], 'operation_year': [1, 2, 3, 4, 5, 6, 7, 8, 9, 10, 11, 12, 13, 14, 15, 16, 17, 18, 19, 20]}
SCL:[8303314.3551881   528562.15070377  284506.17792537  528852.33898447
 1287847.35225782  284509.84078238  528852.49856282  528852.49856483
 1043504.70363043  528852.49856488  528852.49856488  284509.84082953
 1287847.36136577  528852.49856488  284509.84082953  528852.49856488
 1287847.36136577  284509.84082953  528852.49856488  528852.49856488]
SEL:[8329.436868   8519.97788096 8524.54829442 8524.65547229 8524.65798431
 8524.65804318 8524.65804456 8524.6580446  8524.6580446  8524.6580446
 8524.6580446  8524.6580446  8524.6580446  8524.6580446  8524.6580446
 8524.6580446  8524.6580446  8524.6580446  8524.6580446  8524.6580446 ]