LCOE:118.4727705136886COST:{'COST PV': array([4049708.1 ,   23991.91,   23991.91,   23991.91,   23991.91,
         23991.91,   23991.91,   23991.91,   23991.91,   23991.91,
         23991.91,   23991.91,   23991.91,   23991.91,   23991.91,
         23991.91,   23991.91,   23991.91,   23991.91,   23991.91]), 'TOTAL COST PV': 4505554.44, 'LCOE PV': 93.17, 'COST Wind': array([2901068.21,    6347.13,    6347.13,    6347.13,    6347.13,
          6347.13,    6347.13,    6347.13,    6347.13,    6347.13,
          6347.13,    6347.13,    6347.13,    6347.13,    6347.13,
          6347.13,    6347.13,    6347.13,    6347.13,    6347.13]), 'TOTAL COST Wind': 3021663.74, 'LCOE WIND': 58.49, 'COST DIESEL': array([495081.68, 495081.68, 258143.74, 495081.68, 495081.68, 258143.74,
       495081.68, 495081.68, 258143.74, 495081.68, 495081.68, 258143.74,
       495081.68, 495081.68, 258143.74, 495081.68, 495081.68, 258143.74,
       495081.68, 495081.68]), 'TOTAL COST DIESEL': 8480005.87, 'LCOE DIESEL': 1739.61, 'COST BATTERY': array([680628.03,  51140.08,  51140.08,  51140.08, 680628.03,  51140.08,
        51140.08,  51140.08, 680628.03,  51140.08,  51140.08,  51140.08,
       680628.03,  51140.08,  51140.08,  51140.08, 680628.03,  51140.08,
        51140.08,  51140.08]), 'TOTAL COST BATTERY': 4170241.43, 'LCOE BATTERY': 65.12}
global_best_position:[5542.13733005    9.57645575   46.49098584    7.04939347]
global_best_fitness_value: 19991041.649239417
PSO.best[variables]:{'pv_cap_max': 5542.137330045024, 'wind_cap_max': 9.57645574762844, 'battery_cap_max': 46.49098583924335, 'battery_max': 37.19278867139468, 'battery_min': 9.29819716784867, 'diesel_max': 7.049393465165864, 'demand_sum': 5230.855261158001, 'pv_power_sum': 2417.942153901381, 'wind_power_sum': 2583.1275189523526, 'battery_charging_power_sum': 3216.031546717892, 'battery_discharging_power_sum': 3202.0842509661184, 'diesel_power_sum': 243.73288405604043, 'trashed_power_sum': 0, 'Diesel_Cf_sum': 12904.085060963063}
PSO.initial_cost_parameters:{'It_PV_1kW[yen/year]': [726383.3333, 0, 0, 0, 0, 0, 0, 0, 0, 0, 0, 0, 0, 0, 0, 0, 0, 0, 0, 0], 'Mt_PV_1kW[yen/year]': [4329, 4329, 4329, 4329, 4329, 4329, 4329, 4329, 4329, 4329, 4329, 4329, 4329, 4329, 4329, 4329, 4329, 4329, 4329, 4329], 'Ft_PV_1kW[yen/year]': [0, 0, 0, 0, 0, 0, 0, 0, 0, 0, 0, 0, 0, 0, 0, 0, 0, 0, 0, 0], 'It_Wind_1kW[yen/year]': [302274.7826, 0, 0, 0, 0, 0, 0, 0, 0, 0, 0, 0, 0, 0, 0, 0, 0, 0, 0, 0], 'Mt_Wind_1kW[yen/year]': [662.785213, 662.785213, 662.785213, 662.785213, 662.785213, 662.785213, 662.785213, 662.785213, 662.785213, 662.785213, 662.785213, 662.785213, 662.785213, 662.785213, 662.785213, 662.785213, 662.785213, 662.785213, 662.785213, 662.785213], 'Ft_Wind_1kW[yen/year]': [0, 0, 0, 0, 0, 0, 0, 0, 0, 0, 0, 0, 0, 0, 0, 0, 0, 0, 0, 0], 'It_Diesel_1kW[yen/year]': [33611.11, 33611.11, 0, 33611.11, 33611.11, 0, 33611.11, 33611.11, 0, 33611.11, 33611.11, 0, 33611.11, 33611.11, 0, 33611.11, 33611.11, 0, 33611.11, 33611.11], 'Mt_Diesel_1kW[yen/year]': [8.8, 8.8, 8.8, 8.8, 8.8, 8.8, 8.8, 8.8, 8.8, 8.8, 8.8, 8.8, 8.8, 8.8, 8.8, 8.8, 8.8, 8.8, 8.8, 8.8], 'Diesel_Pf': 129, 'Diesel_Adg': 0.2461, 'Diesel_Bdg': 0.081451, 'It_Battery_1kW[yen/year]': [13540, 0, 0, 0, 13540, 0, 0, 0, 13540, 0, 0, 0, 13540, 0, 0, 0, 13540, 0, 0, 0], 'Mt_Battery_1kW[yen/year]': [1100, 1100, 1100, 1100, 1100, 1100, 1100, 1100, 1100, 1100, 1100, 1100, 1100, 1100, 1100, 1100, 1100, 1100, 1100, 1100], 'Ft_Battery_1kW[yen/year]': [0, 0, 0, 0, 0, 0, 0, 0, 0, 0, 0, 0, 0, 0, 0, 0, 0, 0, 0, 0], 'Sell_income_from_trashed[kWh/yen]': [0, 0, 0, 0, 0, 0, 0, 0, 0, 0, 0, 0, 0, 0, 0, 0, 0, 0, 0, 0], 'r[yen/year]': [0.0234375, 0.0234375, 0.0234375, 0.0234375, 0.0234375, 0.0234375, 0.0234375, 0.0234375, 0.0234375, 0.0234375, 0.0234375, 0.0234375, 0.0234375, 0.0234375, 0.0234375, 0.0234375, 0.0234375, 0.0234375, 0.0234375, 0.0234375], 'operation_year': [1, 2, 3, 4, 5, 6, 7, 8, 9, 10, 11, 12, 13, 14, 15, 16, 17, 18, 19, 20]}
SCL:[7940383.28683565  576244.26483146  339618.4936158   576560.63128382
 1206048.74499404  339622.86601287  576560.8052579   576560.80526008
  969110.81433252  576560.80526014  576560.80526014  339622.86606916
 1206048.75352349  576560.80526014  339622.86606916  576560.80526014
 1206048.75352349  339622.86606916  576560.80526014  576560.80526014]
SEL:[8253.44665197 8442.24934181 8446.77805896 8446.88425904 8446.88674814
 8446.88680648 8446.88680784 8446.88680788 8446.88680788 8446.88680788
 8446.88680788 8446.88680788 8446.88680788 8446.88680788 8446.88680788
 8446.88680788 8446.88680788 8446.88680788 8446.88680788 8446.88680788]