LCOE:112.96748427143045COST:{'COST PV': array([5351223.41,   31702.55,   31702.55,   31702.55,   31702.55,
         31702.55,   31702.55,   31702.55,   31702.55,   31702.55,
         31702.55,   31702.55,   31702.55,   31702.55,   31702.55,
         31702.55,   31702.55,   31702.55,   31702.55,   31702.55]), 'TOTAL COST PV': 5953571.91, 'LCOE PV': 95.66, 'COST Wind': array([1826288.45,    3995.66,    3995.66,    3995.66,    3995.66,
          3995.66,    3995.66,    3995.66,    3995.66,    3995.66,
          3995.66,    3995.66,    3995.66,    3995.66,    3995.66,
          3995.66,    3995.66,    3995.66,    3995.66,    3995.66]), 'TOTAL COST Wind': 1902206.08, 'LCOE WIND': 46.21, 'COST DIESEL': array([343486.7 , 343486.7 ,  91941.62, 343486.7 , 343486.7 ,  91941.62,
       343486.7 , 343486.7 ,  91941.62, 343486.7 , 343486.7 ,  91941.62,
       343486.7 , 343486.7 ,  91941.62, 343486.7 , 343486.7 ,  91941.62,
       343486.7 , 343486.7 ]), 'TOTAL COST DIESEL': 5360463.49, 'LCOE DIESEL': 3202.37, 'COST BATTERY': array([1130531.75,   84944.33,   84944.33,   84944.33, 1130531.75,
         84944.33,   84944.33,   84944.33, 1130531.75,   84944.33,
         84944.33,   84944.33, 1130531.75,   84944.33,   84944.33,
         84944.33, 1130531.75,   84944.33,   84944.33,   84944.33]), 'TOTAL COST BATTERY': 6926823.6, 'LCOE BATTERY': 96.64}
global_best_position:[7.32329696e+03 6.02859680e+00 7.72221137e+01 7.48398612e+00]
global_best_fitness_value: 19944680.731458485
PSO.best[variables]:{'pv_cap_max': 7323.296959146046, 'wind_cap_max': 6.028596799221839, 'battery_cap_max': 77.22211373651427, 'battery_max': 61.77769098921142, 'battery_min': 15.444422747302855, 'diesel_max': 7.483986118270694, 'demand_sum': 5230.855261158001, 'pv_power_sum': 3111.9534506438467, 'wind_power_sum': 2058.3732257787733, 'battery_charging_power_sum': 3607.1331236371684, 'battery_discharging_power_sum': 3583.9664895162127, 'diesel_power_sum': 83.6952188563354, 'trashed_power_sum': 0, 'Diesel_Cf_sum': 4593.7879459676915}
PSO.initial_cost_parameters:{'It_PV_1kW[yen/year]': [726383.3333, 0, 0, 0, 0, 0, 0, 0, 0, 0, 0, 0, 0, 0, 0, 0, 0, 0, 0, 0], 'Mt_PV_1kW[yen/year]': [4329, 4329, 4329, 4329, 4329, 4329, 4329, 4329, 4329, 4329, 4329, 4329, 4329, 4329, 4329, 4329, 4329, 4329, 4329, 4329], 'Ft_PV_1kW[yen/year]': [0, 0, 0, 0, 0, 0, 0, 0, 0, 0, 0, 0, 0, 0, 0, 0, 0, 0, 0, 0], 'It_Wind_1kW[yen/year]': [302274.7826, 0, 0, 0, 0, 0, 0, 0, 0, 0, 0, 0, 0, 0, 0, 0, 0, 0, 0, 0], 'Mt_Wind_1kW[yen/year]': [662.785213, 662.785213, 662.785213, 662.785213, 662.785213, 662.785213, 662.785213, 662.785213, 662.785213, 662.785213, 662.785213, 662.785213, 662.785213, 662.785213, 662.785213, 662.785213, 662.785213, 662.785213, 662.785213, 662.785213], 'Ft_Wind_1kW[yen/year]': [0, 0, 0, 0, 0, 0, 0, 0, 0, 0, 0, 0, 0, 0, 0, 0, 0, 0, 0, 0], 'It_Diesel_1kW[yen/year]': [33611.11, 33611.11, 0, 33611.11, 33611.11, 0, 33611.11, 33611.11, 0, 33611.11, 33611.11, 0, 33611.11, 33611.11, 0, 33611.11, 33611.11, 0, 33611.11, 33611.11], 'Mt_Diesel_1kW[yen/year]': [8.8, 8.8, 8.8, 8.8, 8.8, 8.8, 8.8, 8.8, 8.8, 8.8, 8.8, 8.8, 8.8, 8.8, 8.8, 8.8, 8.8, 8.8, 8.8, 8.8], 'Diesel_Pf': 129, 'Diesel_Adg': 0.2461, 'Diesel_Bdg': 0.081451, 'It_Battery_1kW[yen/year]': [13540, 0, 0, 0, 13540, 0, 0, 0, 13540, 0, 0, 0, 13540, 0, 0, 0, 13540, 0, 0, 0], 'Mt_Battery_1kW[yen/year]': [1100, 1100, 1100, 1100, 1100, 1100, 1100, 1100, 1100, 1100, 1100, 1100, 1100, 1100, 1100, 1100, 1100, 1100, 1100, 1100], 'Ft_Battery_1kW[yen/year]': [0, 0, 0, 0, 0, 0, 0, 0, 0, 0, 0, 0, 0, 0, 0, 0, 0, 0, 0, 0], 'Sell_income_from_trashed[kWh/yen]': [0, 0, 0, 0, 0, 0, 0, 0, 0, 0, 0, 0, 0, 0, 0, 0, 0, 0, 0, 0], 'r[yen/year]': [0.0234375, 0.0234375, 0.0234375, 0.0234375, 0.0234375, 0.0234375, 0.0234375, 0.0234375, 0.0234375, 0.0234375, 0.0234375, 0.0234375, 0.0234375, 0.0234375, 0.0234375, 0.0234375, 0.0234375, 0.0234375, 0.0234375, 0.0234375], 'operation_year': [1, 2, 3, 4, 5, 6, 7, 8, 9, 10, 11, 12, 13, 14, 15, 16, 17, 18, 19, 20]}
SCL:[8453403.65572625  463874.42728349  212581.42355568  464129.10106657
 1509716.65043218  212584.16042193  464129.24111503  464129.24111679
 1258171.58044957  464129.24111684  464129.24111684  212584.16045717
 1509716.66110924  464129.24111684  212584.16045717  464129.24111684
 1509716.66110924  212584.16045717  464129.24111684  464129.24111684]
SEL:[8635.59170423 8833.13619816 8837.87460067 8837.98571795 8837.98832229
 8837.98838333 8837.98838476 8837.98838479 8837.9883848  8837.9883848
 8837.9883848  8837.9883848  8837.9883848  8837.9883848  8837.9883848
 8837.9883848  8837.9883848  8837.9883848  8837.9883848  8837.9883848 ]