LCOE:119.6025068861104COST:{'COST PV': array([4774766.43,   28287.42,   28287.42,   28287.42,   28287.42,
         28287.42,   28287.42,   28287.42,   28287.42,   28287.42,
         28287.42,   28287.42,   28287.42,   28287.42,   28287.42,
         28287.42,   28287.42,   28287.42,   28287.42,   28287.42]), 'TOTAL COST PV': 5312227.34, 'LCOE PV': 112.46, 'COST Wind': array([3783689.05,    8278.18,    8278.18,    8278.18,    8278.18,
          8278.18,    8278.18,    8278.18,    8278.18,    8278.18,
          8278.18,    8278.18,    8278.18,    8278.18,    8278.18,
          8278.18,    8278.18,    8278.18,    8278.18,    8278.18]), 'TOTAL COST Wind': 3940974.56, 'LCOE WIND': 70.52, 'COST DIESEL': array([349687.07, 349687.07, 105424.29, 349687.07, 349687.07, 105424.29,
       349687.07, 349687.07, 105424.29, 349687.07, 349687.07, 105424.29,
       349687.07, 349687.07, 105424.29, 349687.07, 349687.07, 105424.29,
       349687.07, 349687.07]), 'TOTAL COST DIESEL': 5528164.79, 'LCOE DIESEL': 2956.95, 'COST BATTERY': array([912713.71,  68578.22,  68578.22,  68578.22, 912713.71,  68578.22,
        68578.22,  68578.22, 912713.71,  68578.22,  68578.22,  68578.22,
       912713.71,  68578.22,  68578.22,  68578.22, 912713.71,  68578.22,
        68578.22,  68578.22]), 'TOTAL COST BATTERY': 5592241.77, 'LCOE BATTERY': 87.83}
global_best_position:[6534.39967424   12.48999614   62.34383248    7.26732274]
global_best_fitness_value: 20148450.79992457
PSO.best[variables]:{'pv_cap_max': 6534.399674235238, 'wind_cap_max': 12.489996141728446, 'battery_cap_max': 62.34383247650463, 'battery_max': 49.875065981203704, 'battery_min': 12.468766495300926, 'diesel_max': 7.267322736842726, 'demand_sum': 5230.855261158001, 'pv_power_sum': 2361.8639520580705, 'wind_power_sum': 2794.216901468652, 'battery_charging_power_sum': 3202.126707155316, 'battery_discharging_power_sum': 3183.423557412363, 'diesel_power_sum': 93.47755737423009, 'trashed_power_sum': 0, 'Diesel_Cf_sum': 5268.0169278138055}
PSO.initial_cost_parameters:{'It_PV_1kW[yen/year]': [726383.3333, 0, 0, 0, 0, 0, 0, 0, 0, 0, 0, 0, 0, 0, 0, 0, 0, 0, 0, 0], 'Mt_PV_1kW[yen/year]': [4329, 4329, 4329, 4329, 4329, 4329, 4329, 4329, 4329, 4329, 4329, 4329, 4329, 4329, 4329, 4329, 4329, 4329, 4329, 4329], 'Ft_PV_1kW[yen/year]': [0, 0, 0, 0, 0, 0, 0, 0, 0, 0, 0, 0, 0, 0, 0, 0, 0, 0, 0, 0], 'It_Wind_1kW[yen/year]': [302274.7826, 0, 0, 0, 0, 0, 0, 0, 0, 0, 0, 0, 0, 0, 0, 0, 0, 0, 0, 0], 'Mt_Wind_1kW[yen/year]': [662.785213, 662.785213, 662.785213, 662.785213, 662.785213, 662.785213, 662.785213, 662.785213, 662.785213, 662.785213, 662.785213, 662.785213, 662.785213, 662.785213, 662.785213, 662.785213, 662.785213, 662.785213, 662.785213, 662.785213], 'Ft_Wind_1kW[yen/year]': [0, 0, 0, 0, 0, 0, 0, 0, 0, 0, 0, 0, 0, 0, 0, 0, 0, 0, 0, 0], 'It_Diesel_1kW[yen/year]': [33611.11, 33611.11, 0, 33611.11, 33611.11, 0, 33611.11, 33611.11, 0, 33611.11, 33611.11, 0, 33611.11, 33611.11, 0, 33611.11, 33611.11, 0, 33611.11, 33611.11], 'Mt_Diesel_1kW[yen/year]': [8.8, 8.8, 8.8, 8.8, 8.8, 8.8, 8.8, 8.8, 8.8, 8.8, 8.8, 8.8, 8.8, 8.8, 8.8, 8.8, 8.8, 8.8, 8.8, 8.8], 'Diesel_Pf': 129, 'Diesel_Adg': 0.2461, 'Diesel_Bdg': 0.081451, 'It_Battery_1kW[yen/year]': [13540, 0, 0, 0, 13540, 0, 0, 0, 13540, 0, 0, 0, 13540, 0, 0, 0, 13540, 0, 0, 0], 'Mt_Battery_1kW[yen/year]': [1100, 1100, 1100, 1100, 1100, 1100, 1100, 1100, 1100, 1100, 1100, 1100, 1100, 1100, 1100, 1100, 1100, 1100, 1100, 1100], 'Ft_Battery_1kW[yen/year]': [0, 0, 0, 0, 0, 0, 0, 0, 0, 0, 0, 0, 0, 0, 0, 0, 0, 0, 0, 0], 'Sell_income_from_trashed[kWh/yen]': [0, 0, 0, 0, 0, 0, 0, 0, 0, 0, 0, 0, 0, 0, 0, 0, 0, 0, 0, 0], 'r[yen/year]': [0.0234375, 0.0234375, 0.0234375, 0.0234375, 0.0234375, 0.0234375, 0.0234375, 0.0234375, 0.0234375, 0.0234375, 0.0234375, 0.0234375, 0.0234375, 0.0234375, 0.0234375, 0.0234375, 0.0234375, 0.0234375, 0.0234375, 0.0234375], 'operation_year': [1, 2, 3, 4, 5, 6, 7, 8, 9, 10, 11, 12, 13, 14, 15, 16, 17, 18, 19, 20]}
SCL:[9595951.16283122  454581.18267535  210565.3967175   454830.75433246
 1298966.37412225  210568.10762854  454830.8915752   454830.89157692
 1054703.59939531  454830.89157697  454830.89157697  210568.10766344
 1298966.38330884  454830.89157697  210568.10766344  454830.89157697
 1298966.38330884  210568.10766344  454830.89157697  454830.89157697]
SEL:[8239.86024385 8428.35213621 8432.87339841 8432.97942367 8432.98190867
 8432.98196692 8432.98196828 8432.98196831 8432.98196831 8432.98196831
 8432.98196831 8432.98196831 8432.98196831 8432.98196831 8432.98196831
 8432.98196831 8432.98196831 8432.98196831 8432.98196831 8432.98196831]