LCOE:124.32824641668985COST:{'COST PV': array([5668229.69,   33580.61,   33580.61,   33580.61,   33580.61,
         33580.61,   33580.61,   33580.61,   33580.61,   33580.61,
         33580.61,   33580.61,   33580.61,   33580.61,   33580.61,
         33580.61,   33580.61,   33580.61,   33580.61,   33580.61]), 'TOTAL COST PV': 6306261.29, 'LCOE PV': 127.78, 'COST Wind': array([3464752.12,    7580.4 ,    7580.4 ,    7580.4 ,    7580.4 ,
          7580.4 ,    7580.4 ,    7580.4 ,    7580.4 ,    7580.4 ,
          7580.4 ,    7580.4 ,    7580.4 ,    7580.4 ,    7580.4 ,
          7580.4 ,    7580.4 ,    7580.4 ,    7580.4 ,    7580.4 ]), 'TOTAL COST Wind': 3608779.63, 'LCOE WIND': 68.19, 'COST DIESEL': array([443236.07, 443236.07, 162415.36, 443236.07, 443236.07, 162415.36,
       443236.07, 443236.07, 162415.36, 443236.07, 443236.07, 162415.36,
       443236.07, 443236.07, 162415.36, 443236.07, 443236.07, 162415.36,
       443236.07, 443236.07]), 'TOTAL COST DIESEL': 7179797.18, 'LCOE DIESEL': 2745.15, 'COST BATTERY': array([668626.79,  50238.35,  50238.35,  50238.35, 668626.79,  50238.35,
        50238.35,  50238.35, 668626.79,  50238.35,  50238.35,  50238.35,
       668626.79,  50238.35,  50238.35,  50238.35, 668626.79,  50238.35,
        50238.35,  50238.35]), 'TOTAL COST BATTERY': 4096709.23, 'LCOE BATTERY': 64.15}
global_best_position:[7757.12880456   11.43718208   45.67122889    8.35499667]
global_best_fitness_value: 20956635.60422249
PSO.best[variables]:{'pv_cap_max': 7757.128804560502, 'wind_cap_max': 11.437182081508455, 'battery_cap_max': 45.67122889207884, 'battery_max': 36.53698311366307, 'battery_min': 9.134245778415767, 'diesel_max': 8.354996671916403, 'demand_sum': 5230.855261158001, 'pv_power_sum': 2467.588318385775, 'wind_power_sum': 2646.195793474919, 'battery_charging_power_sum': 3206.9898471592833, 'battery_discharging_power_sum': 3193.288478491658, 'diesel_power_sum': 130.7725179649306, 'trashed_power_sum': 0, 'Diesel_Cf_sum': 8117.091814538243}
PSO.initial_cost_parameters:{'It_PV_1kW[yen/year]': [726383.3333, 0, 0, 0, 0, 0, 0, 0, 0, 0, 0, 0, 0, 0, 0, 0, 0, 0, 0, 0], 'Mt_PV_1kW[yen/year]': [4329, 4329, 4329, 4329, 4329, 4329, 4329, 4329, 4329, 4329, 4329, 4329, 4329, 4329, 4329, 4329, 4329, 4329, 4329, 4329], 'Ft_PV_1kW[yen/year]': [0, 0, 0, 0, 0, 0, 0, 0, 0, 0, 0, 0, 0, 0, 0, 0, 0, 0, 0, 0], 'It_Wind_1kW[yen/year]': [302274.7826, 0, 0, 0, 0, 0, 0, 0, 0, 0, 0, 0, 0, 0, 0, 0, 0, 0, 0, 0], 'Mt_Wind_1kW[yen/year]': [662.785213, 662.785213, 662.785213, 662.785213, 662.785213, 662.785213, 662.785213, 662.785213, 662.785213, 662.785213, 662.785213, 662.785213, 662.785213, 662.785213, 662.785213, 662.785213, 662.785213, 662.785213, 662.785213, 662.785213], 'Ft_Wind_1kW[yen/year]': [0, 0, 0, 0, 0, 0, 0, 0, 0, 0, 0, 0, 0, 0, 0, 0, 0, 0, 0, 0], 'It_Diesel_1kW[yen/year]': [33611.11, 33611.11, 0, 33611.11, 33611.11, 0, 33611.11, 33611.11, 0, 33611.11, 33611.11, 0, 33611.11, 33611.11, 0, 33611.11, 33611.11, 0, 33611.11, 33611.11], 'Mt_Diesel_1kW[yen/year]': [8.8, 8.8, 8.8, 8.8, 8.8, 8.8, 8.8, 8.8, 8.8, 8.8, 8.8, 8.8, 8.8, 8.8, 8.8, 8.8, 8.8, 8.8, 8.8, 8.8], 'Diesel_Pf': 129, 'Diesel_Adg': 0.2461, 'Diesel_Bdg': 0.081451, 'It_Battery_1kW[yen/year]': [13540, 0, 0, 0, 13540, 0, 0, 0, 13540, 0, 0, 0, 13540, 0, 0, 0, 13540, 0, 0, 0], 'Mt_Battery_1kW[yen/year]': [1100, 1100, 1100, 1100, 1100, 1100, 1100, 1100, 1100, 1100, 1100, 1100, 1100, 1100, 1100, 1100, 1100, 1100, 1100, 1100], 'Ft_Battery_1kW[yen/year]': [0, 0, 0, 0, 0, 0, 0, 0, 0, 0, 0, 0, 0, 0, 0, 0, 0, 0, 0, 0], 'Sell_income_from_trashed[kWh/yen]': [0, 0, 0, 0, 0, 0, 0, 0, 0, 0, 0, 0, 0, 0, 0, 0, 0, 0, 0, 0], 'r[yen/year]': [0.0234375, 0.0234375, 0.0234375, 0.0234375, 0.0234375, 0.0234375, 0.0234375, 0.0234375, 0.0234375, 0.0234375, 0.0234375, 0.0234375, 0.0234375, 0.0234375, 0.0234375, 0.0234375, 0.0234375, 0.0234375, 0.0234375, 0.0234375], 'operation_year': [1, 2, 3, 4, 5, 6, 7, 8, 9, 10, 11, 12, 13, 14, 15, 16, 17, 18, 19, 20]}
SCL:[10010229.91079237   534341.90721296   253811.45007799   534635.26866374
  1153023.86103343   253814.71775765   534635.42998706   534635.42998909
   872203.15699846   534635.42998914   534635.42998914   253814.71779972
  1153023.86918788   534635.42998914   253814.71779972   534635.42998914
  1153023.86918788   253814.71779972   534635.42998914   534635.42998914]
SEL:[8244.61201423 8433.21260628 8437.73647581 8437.84256221 8437.84504864
 8437.84510692 8437.84510828 8437.84510832 8437.84510832 8437.84510832
 8437.84510832 8437.84510832 8437.84510832 8437.84510832 8437.84510832
 8437.84510832 8437.84510832 8437.84510832 8437.84510832 8437.84510832]