LCOE:118.96088056717412COST:{'COST PV': array([4530852.35,   26842.38,   26842.38,   26842.38,   26842.38,
         26842.38,   26842.38,   26842.38,   26842.38,   26842.38,
         26842.38,   26842.38,   26842.38,   26842.38,   26842.38,
         26842.38,   26842.38,   26842.38,   26842.38,   26842.38]), 'TOTAL COST PV': 5040857.61, 'LCOE PV': 110.12, 'COST Wind': array([4329166.35,    9471.61,    9471.61,    9471.61,    9471.61,
          9471.61,    9471.61,    9471.61,    9471.61,    9471.61,
          9471.61,    9471.61,    9471.61,    9471.61,    9471.61,
          9471.61,    9471.61,    9471.61,    9471.61,    9471.61]), 'TOTAL COST Wind': 4509127.0, 'LCOE WIND': 75.71, 'COST DIESEL': array([7.02911e+03, 7.02911e+03, 1.84000e+00, 7.02911e+03, 7.02911e+03,
       1.84000e+00, 7.02911e+03, 7.02911e+03, 1.84000e+00, 7.02911e+03,
       7.02911e+03, 1.84000e+00, 7.02911e+03, 7.02911e+03, 1.84000e+00,
       7.02911e+03, 7.02911e+03, 1.84000e+00, 7.02911e+03, 7.02911e+03]), 'TOTAL COST DIESEL': 98418.52, 'LCOE DIESEL': inf, 'COST BATTERY': array([1746583.65,  131232.38,  131232.38,  131232.38, 1746583.65,
        131232.38,  131232.38,  131232.38, 1746583.65,  131232.38,
        131232.38,  131232.38, 1746583.65,  131232.38,  131232.38,
        131232.38, 1746583.65,  131232.38,  131232.38,  131232.38]), 'TOTAL COST BATTERY': 10701403.94, 'LCOE BATTERY': 167.51}
global_best_position:[6.20059651e+03 1.42906223e+01 1.19302162e+02 2.09075678e-01]
global_best_fitness_value: 20106648.740932677
PSO.best[variables]:{'pv_cap_max': 6200.596511982239, 'wind_cap_max': 14.290622265719886, 'battery_cap_max': 119.30216214841118, 'battery_max': 95.44172971872895, 'battery_min': 23.860432429682238, 'diesel_max': 0.20907567759413936, 'demand_sum': 5230.855261158001, 'pv_power_sum': 2288.7373725560283, 'wind_power_sum': 2977.9085372464915, 'battery_charging_power_sum': 3230.0204595583587, 'battery_discharging_power_sum': 3194.229810913839, 'diesel_power_sum': 0, 'trashed_power_sum': 0, 'Diesel_Cf_sum': 0}
PSO.initial_cost_parameters:{'It_PV_1kW[yen/year]': [726383.3333, 0, 0, 0, 0, 0, 0, 0, 0, 0, 0, 0, 0, 0, 0, 0, 0, 0, 0, 0], 'Mt_PV_1kW[yen/year]': [4329, 4329, 4329, 4329, 4329, 4329, 4329, 4329, 4329, 4329, 4329, 4329, 4329, 4329, 4329, 4329, 4329, 4329, 4329, 4329], 'Ft_PV_1kW[yen/year]': [0, 0, 0, 0, 0, 0, 0, 0, 0, 0, 0, 0, 0, 0, 0, 0, 0, 0, 0, 0], 'It_Wind_1kW[yen/year]': [302274.7826, 0, 0, 0, 0, 0, 0, 0, 0, 0, 0, 0, 0, 0, 0, 0, 0, 0, 0, 0], 'Mt_Wind_1kW[yen/year]': [662.785213, 662.785213, 662.785213, 662.785213, 662.785213, 662.785213, 662.785213, 662.785213, 662.785213, 662.785213, 662.785213, 662.785213, 662.785213, 662.785213, 662.785213, 662.785213, 662.785213, 662.785213, 662.785213, 662.785213], 'Ft_Wind_1kW[yen/year]': [0, 0, 0, 0, 0, 0, 0, 0, 0, 0, 0, 0, 0, 0, 0, 0, 0, 0, 0, 0], 'It_Diesel_1kW[yen/year]': [33611.11, 33611.11, 0, 33611.11, 33611.11, 0, 33611.11, 33611.11, 0, 33611.11, 33611.11, 0, 33611.11, 33611.11, 0, 33611.11, 33611.11, 0, 33611.11, 33611.11], 'Mt_Diesel_1kW[yen/year]': [8.8, 8.8, 8.8, 8.8, 8.8, 8.8, 8.8, 8.8, 8.8, 8.8, 8.8, 8.8, 8.8, 8.8, 8.8, 8.8, 8.8, 8.8, 8.8, 8.8], 'Diesel_Pf': 129, 'Diesel_Adg': 0.2461, 'Diesel_Bdg': 0.081451, 'It_Battery_1kW[yen/year]': [13540, 0, 0, 0, 13540, 0, 0, 0, 13540, 0, 0, 0, 13540, 0, 0, 0, 13540, 0, 0, 0], 'Mt_Battery_1kW[yen/year]': [1100, 1100, 1100, 1100, 1100, 1100, 1100, 1100, 1100, 1100, 1100, 1100, 1100, 1100, 1100, 1100, 1100, 1100, 1100, 1100], 'Ft_Battery_1kW[yen/year]': [0, 0, 0, 0, 0, 0, 0, 0, 0, 0, 0, 0, 0, 0, 0, 0, 0, 0, 0, 0], 'Sell_income_from_trashed[kWh/yen]': [0, 0, 0, 0, 0, 0, 0, 0, 0, 0, 0, 0, 0, 0, 0, 0, 0, 0, 0, 0], 'r[yen/year]': [0.0234375, 0.0234375, 0.0234375, 0.0234375, 0.0234375, 0.0234375, 0.0234375, 0.0234375, 0.0234375, 0.0234375, 0.0234375, 0.0234375, 0.0234375, 0.0234375, 0.0234375, 0.0234375, 0.0234375, 0.0234375, 0.0234375, 0.0234375], 'operation_year': [1, 2, 3, 4, 5, 6, 7, 8, 9, 10, 11, 12, 13, 14, 15, 16, 17, 18, 19, 20]}
SCL:[10370571.19379592   174479.6347239    167546.05656287   174575.42657194
  1789926.74208053   167548.2136241    174575.47924914   174575.4792498
  1782899.48914136   174575.47924982   174575.47924982   167548.21365187
  1789926.7547393    174575.47924982   167548.21365187   174575.47924982
  1789926.7547393    167548.21365187   174575.47924982   174575.47924982]
SEL:[8267.11520803 8456.23057453 8460.7667917  8460.87316766 8460.87566088
 8460.87571931 8460.87572068 8460.87572072 8460.87572072 8460.87572072
 8460.87572072 8460.87572072 8460.87572072 8460.87572072 8460.87572072
 8460.87572072 8460.87572072 8460.87572072 8460.87572072 8460.87572072]