LCOE:133.0788480230935COST:{'COST PV': array([8827203.66,   52295.5 ,   52295.5 ,   52295.5 ,   52295.5 ,
         52295.5 ,   52295.5 ,   52295.5 ,   52295.5 ,   52295.5 ,
         52295.5 ,   52295.5 ,   52295.5 ,   52295.5 ,   52295.5 ,
         52295.5 ,   52295.5 ,   52295.5 ,   52295.5 ,   52295.5 ]), 'TOTAL COST PV': 9820818.1, 'LCOE PV': 205.75, 'COST Wind': array([4761645.47,   10417.82,   10417.82,   10417.82,   10417.82,
         10417.82,   10417.82,   10417.82,   10417.82,   10417.82,
         10417.82,   10417.82,   10417.82,   10417.82,   10417.82,
         10417.82,   10417.82,   10417.82,   10417.82,   10417.82]), 'TOTAL COST Wind': 4959584.0, 'LCOE WIND': 87.5, 'COST DIESEL': array([195037.12, 195037.12,  31828.59, 195037.12, 195037.12,  31828.59,
       195037.12, 195037.12,  31828.59, 195037.12, 195037.12,  31828.59,
       195037.12, 195037.12,  31828.59, 195037.12, 195037.12,  31828.59,
       195037.12, 195037.12]), 'TOTAL COST DIESEL': 2921491.24, 'LCOE DIESEL': 5581.79, 'COST BATTERY': array([778891.37,  58523.26,  58523.26,  58523.26, 778891.37,  58523.26,
        58523.26,  58523.26, 778891.37,  58523.26,  58523.26,  58523.26,
       778891.37,  58523.26,  58523.26,  58523.26, 778891.37,  58523.26,
        58523.26,  58523.26]), 'TOTAL COST BATTERY': 4772305.72, 'LCOE BATTERY': 77.43}
global_best_position:[1.20802719e+04 1.57182402e+01 5.32029623e+01 4.85579107e+00]
global_best_fitness_value: 22140524.629575342
PSO.best[variables]:{'pv_cap_max': 12080.271890207427, 'wind_cap_max': 15.718240243582539, 'battery_cap_max': 53.20296234110065, 'battery_max': 42.562369872880524, 'battery_min': 10.640592468220131, 'diesel_max': 4.855791069950336, 'demand_sum': 5230.855261158001, 'pv_power_sum': 2386.622569616349, 'wind_power_sum': 2834.02371769362, 'battery_charging_power_sum': 3097.489017480017, 'battery_discharging_power_sum': 3081.528128777685, 'diesel_power_sum': 26.169862550362353, 'trashed_power_sum': 0, 'Diesel_Cf_sum': 1589.2930902220537}
PSO.initial_cost_parameters:{'It_PV_1kW[yen/year]': [726383.3333, 0, 0, 0, 0, 0, 0, 0, 0, 0, 0, 0, 0, 0, 0, 0, 0, 0, 0, 0], 'Mt_PV_1kW[yen/year]': [4329, 4329, 4329, 4329, 4329, 4329, 4329, 4329, 4329, 4329, 4329, 4329, 4329, 4329, 4329, 4329, 4329, 4329, 4329, 4329], 'Ft_PV_1kW[yen/year]': [0, 0, 0, 0, 0, 0, 0, 0, 0, 0, 0, 0, 0, 0, 0, 0, 0, 0, 0, 0], 'It_Wind_1kW[yen/year]': [302274.7826, 0, 0, 0, 0, 0, 0, 0, 0, 0, 0, 0, 0, 0, 0, 0, 0, 0, 0, 0], 'Mt_Wind_1kW[yen/year]': [662.785213, 662.785213, 662.785213, 662.785213, 662.785213, 662.785213, 662.785213, 662.785213, 662.785213, 662.785213, 662.785213, 662.785213, 662.785213, 662.785213, 662.785213, 662.785213, 662.785213, 662.785213, 662.785213, 662.785213], 'Ft_Wind_1kW[yen/year]': [0, 0, 0, 0, 0, 0, 0, 0, 0, 0, 0, 0, 0, 0, 0, 0, 0, 0, 0, 0], 'It_Diesel_1kW[yen/year]': [33611.11, 33611.11, 0, 33611.11, 33611.11, 0, 33611.11, 33611.11, 0, 33611.11, 33611.11, 0, 33611.11, 33611.11, 0, 33611.11, 33611.11, 0, 33611.11, 33611.11], 'Mt_Diesel_1kW[yen/year]': [8.8, 8.8, 8.8, 8.8, 8.8, 8.8, 8.8, 8.8, 8.8, 8.8, 8.8, 8.8, 8.8, 8.8, 8.8, 8.8, 8.8, 8.8, 8.8, 8.8], 'Diesel_Pf': 129, 'Diesel_Adg': 0.2461, 'Diesel_Bdg': 0.081451, 'It_Battery_1kW[yen/year]': [13540, 0, 0, 0, 13540, 0, 0, 0, 13540, 0, 0, 0, 13540, 0, 0, 0, 13540, 0, 0, 0], 'Mt_Battery_1kW[yen/year]': [1100, 1100, 1100, 1100, 1100, 1100, 1100, 1100, 1100, 1100, 1100, 1100, 1100, 1100, 1100, 1100, 1100, 1100, 1100, 1100], 'Ft_Battery_1kW[yen/year]': [0, 0, 0, 0, 0, 0, 0, 0, 0, 0, 0, 0, 0, 0, 0, 0, 0, 0, 0, 0], 'Sell_income_from_trashed[kWh/yen]': [0, 0, 0, 0, 0, 0, 0, 0, 0, 0, 0, 0, 0, 0, 0, 0, 0, 0, 0, 0], 'r[yen/year]': [0.0234375, 0.0234375, 0.0234375, 0.0234375, 0.0234375, 0.0234375, 0.0234375, 0.0234375, 0.0234375, 0.0234375, 0.0234375, 0.0234375, 0.0234375, 0.0234375, 0.0234375, 0.0234375, 0.0234375, 0.0234375, 0.0234375, 0.0234375], 'operation_year': [1, 2, 3, 4, 5, 6, 7, 8, 9, 10, 11, 12, 13, 14, 15, 16, 17, 18, 19, 20]}
SCL:[14229278.89461923   316100.05440482   153063.19493369   316273.59791563
  1036641.79611785   153065.16553623   316273.69334949   316273.69335069
   873433.2756601    316273.69335072   316273.69335072   153065.1655616
  1036641.80344922   316273.69335072   153065.1655616    316273.69335072
  1036641.80344922   153065.1655616    316273.69335072   316273.69335072]
SEL:[8137.61883714 8323.77189417 8328.23705589 8328.34176557 8328.34421974
 8328.34427726 8328.34427861 8328.34427864 8328.34427864 8328.34427864
 8328.34427864 8328.34427864 8328.34427864 8328.34427864 8328.34427864
 8328.34427864 8328.34427864 8328.34427864 8328.34427864 8328.34427864]