LCOE:118.98967176699523COST:{'COST PV': array([6526257.63,   38663.87,   38663.87,   38663.87,   38663.87,
         38663.87,   38663.87,   38663.87,   38663.87,   38663.87,
         38663.87,   38663.87,   38663.87,   38663.87,   38663.87,
         38663.87,   38663.87,   38663.87,   38663.87,   38663.87]), 'TOTAL COST PV': 7260871.23, 'LCOE PV': 138.91, 'COST Wind': array([3305525.69,    7232.03,    7232.03,    7232.03,    7232.03,
          7232.03,    7232.03,    7232.03,    7232.03,    7232.03,
          7232.03,    7232.03,    7232.03,    7232.03,    7232.03,
          7232.03,    7232.03,    7232.03,    7232.03,    7232.03]), 'TOTAL COST Wind': 3442934.26, 'LCOE WIND': 66.87, 'COST DIESEL': array([296878.78, 296878.78,  73363.97, 296878.78, 296878.78,  73363.97,
       296878.78, 296878.78,  73363.97, 296878.78, 296878.78,  73363.97,
       296878.78, 296878.78,  73363.97, 296878.78, 296878.78,  73363.97,
       296878.78, 296878.78]), 'TOTAL COST DIESEL': 4596486.7, 'LCOE DIESEL': 3793.18, 'COST BATTERY': array([855094.74,  64248.92,  64248.92,  64248.92, 855094.74,  64248.92,
        64248.92,  64248.92, 855094.74,  64248.92,  64248.92,  64248.92,
       855094.74,  64248.92,  64248.92,  64248.92, 855094.74,  64248.92,
        64248.92,  64248.92]), 'TOTAL COST BATTERY': 5239207.52, 'LCOE BATTERY': 79.7}
global_best_position:[8.93136373e+03 1.09115740e+01 5.84081106e+01 6.65002739e+00]
global_best_fitness_value: 20287737.33143073
PSO.best[variables]:{'pv_cap_max': 8931.363726179894, 'wind_cap_max': 10.911574011675217, 'battery_cap_max': 58.408110566349, 'battery_max': 46.726488453079206, 'battery_min': 11.681622113269801, 'diesel_max': 6.650027387577399, 'demand_sum': 5230.855261158001, 'pv_power_sum': 2613.5461538703753, 'wind_power_sum': 2574.24264159427, 'battery_charging_power_sum': 3304.156855541463, 'battery_discharging_power_sum': 3286.6344223715564, 'diesel_power_sum': 60.588898863260894, 'trashed_power_sum': 0, 'Diesel_Cf_sum': 3665.2726657691783}
PSO.initial_cost_parameters:{'It_PV_1kW[yen/year]': [726383.3333, 0, 0, 0, 0, 0, 0, 0, 0, 0, 0, 0, 0, 0, 0, 0, 0, 0, 0, 0], 'Mt_PV_1kW[yen/year]': [4329, 4329, 4329, 4329, 4329, 4329, 4329, 4329, 4329, 4329, 4329, 4329, 4329, 4329, 4329, 4329, 4329, 4329, 4329, 4329], 'Ft_PV_1kW[yen/year]': [0, 0, 0, 0, 0, 0, 0, 0, 0, 0, 0, 0, 0, 0, 0, 0, 0, 0, 0, 0], 'It_Wind_1kW[yen/year]': [302274.7826, 0, 0, 0, 0, 0, 0, 0, 0, 0, 0, 0, 0, 0, 0, 0, 0, 0, 0, 0], 'Mt_Wind_1kW[yen/year]': [662.785213, 662.785213, 662.785213, 662.785213, 662.785213, 662.785213, 662.785213, 662.785213, 662.785213, 662.785213, 662.785213, 662.785213, 662.785213, 662.785213, 662.785213, 662.785213, 662.785213, 662.785213, 662.785213, 662.785213], 'Ft_Wind_1kW[yen/year]': [0, 0, 0, 0, 0, 0, 0, 0, 0, 0, 0, 0, 0, 0, 0, 0, 0, 0, 0, 0], 'It_Diesel_1kW[yen/year]': [33611.11, 33611.11, 0, 33611.11, 33611.11, 0, 33611.11, 33611.11, 0, 33611.11, 33611.11, 0, 33611.11, 33611.11, 0, 33611.11, 33611.11, 0, 33611.11, 33611.11], 'Mt_Diesel_1kW[yen/year]': [8.8, 8.8, 8.8, 8.8, 8.8, 8.8, 8.8, 8.8, 8.8, 8.8, 8.8, 8.8, 8.8, 8.8, 8.8, 8.8, 8.8, 8.8, 8.8, 8.8], 'Diesel_Pf': 129, 'Diesel_Adg': 0.2461, 'Diesel_Bdg': 0.081451, 'It_Battery_1kW[yen/year]': [13540, 0, 0, 0, 13540, 0, 0, 0, 13540, 0, 0, 0, 13540, 0, 0, 0, 13540, 0, 0, 0], 'Mt_Battery_1kW[yen/year]': [1100, 1100, 1100, 1100, 1100, 1100, 1100, 1100, 1100, 1100, 1100, 1100, 1100, 1100, 1100, 1100, 1100, 1100, 1100, 1100], 'Ft_Battery_1kW[yen/year]': [0, 0, 0, 0, 0, 0, 0, 0, 0, 0, 0, 0, 0, 0, 0, 0, 0, 0, 0, 0], 'Sell_income_from_trashed[kWh/yen]': [0, 0, 0, 0, 0, 0, 0, 0, 0, 0, 0, 0, 0, 0, 0, 0, 0, 0, 0, 0], 'r[yen/year]': [0.0234375, 0.0234375, 0.0234375, 0.0234375, 0.0234375, 0.0234375, 0.0234375, 0.0234375, 0.0234375, 0.0234375, 0.0234375, 0.0234375, 0.0234375, 0.0234375, 0.0234375, 0.0234375, 0.0234375, 0.0234375, 0.0234375, 0.0234375], 'operation_year': [1, 2, 3, 4, 5, 6, 7, 8, 9, 10, 11, 12, 13, 14, 15, 16, 17, 18, 19, 20]}
SCL:[10732220.41823848   406800.13869213   183506.43608294   407023.47786365
  1197869.40927914   183508.79862509   407023.6006808    407023.60068234
   974354.61572387   407023.60068238   407023.60068238   183508.7986555
  1197869.41775075   407023.60068238   183508.7986555    407023.60068238
  1197869.41775075   183508.7986555    407023.60068238   407023.60068238]
SEL:[8339.55382395 8530.32626853 8534.90223322 8535.00954127 8535.01205634
 8535.01211528 8535.01211667 8535.0121167  8535.0121167  8535.0121167
 8535.0121167  8535.0121167  8535.0121167  8535.0121167  8535.0121167
 8535.0121167  8535.0121167  8535.0121167  8535.0121167  8535.0121167 ]