LCOE:180.70081880917004COST:{'COST PV': array([2971902.3 ,   17606.61,   17606.61,   17606.61,   17606.61,
         17606.61,   17606.61,   17606.61,   17606.61,   17606.61,
         17606.61,   17606.61,   17606.61,   17606.61,   17606.61,
         17606.61,   17606.61,   17606.61,   17606.61,   17606.61]), 'TOTAL COST PV': 3306427.83, 'LCOE PV': 94.32, 'COST Wind': array([5211965.39,   11403.05,   11403.05,   11403.05,   11403.05,
         11403.05,   11403.05,   11403.05,   11403.05,   11403.05,
         11403.05,   11403.05,   11403.05,   11403.05,   11403.05,
         11403.05,   11403.05,   11403.05,   11403.05,   11403.05]), 'TOTAL COST Wind': 5428623.42, 'LCOE WIND': 83.0, 'COST DIESEL': array([1053281.13, 1053281.13,  241456.06, 1053281.13, 1053281.13,
        241456.06, 1053281.13, 1053281.13,  241456.06, 1053281.13,
       1053281.13,  241456.06, 1053281.13, 1053281.13,  241456.06,
       1053281.13, 1053281.13,  241456.06, 1053281.13, 1053281.13]), 'TOTAL COST DIESEL': 16194672.26, 'LCOE DIESEL': 3624.1, 'COST BATTERY': array([749985.48,  56351.37,  56351.37,  56351.37, 749985.48,  56351.37,
        56351.37,  56351.37, 749985.48,  56351.37,  56351.37,  56351.37,
       749985.48,  56351.37,  56351.37,  56351.37, 749985.48,  56351.37,
        56351.37,  56351.37]), 'TOTAL COST BATTERY': 4595197.9, 'LCOE BATTERY': 80.07}
global_best_position:[4067.13033247   17.20475089   51.22851617   24.153474  ]
global_best_fitness_value: 29295578.718878664
PSO.best[variables]:{'pv_cap_max': 4067.1303324727696, 'wind_cap_max': 17.20475088806424, 'battery_cap_max': 51.2285161675609, 'battery_max': 40.982812934048724, 'battery_min': 10.245703233512181, 'diesel_max': 24.15347400197264, 'demand_sum': 5230.855261158001, 'pv_power_sum': 1752.694959237783, 'wind_power_sum': 3270.098361293099, 'battery_charging_power_sum': 2884.765722265355, 'battery_discharging_power_sum': 2869.3971674150853, 'diesel_power_sum': 223.4304954773871, 'trashed_power_sum': 0, 'Diesel_Cf_sum': 12062.175610039598}
PSO.initial_cost_parameters:{'It_PV_1kW[yen/year]': [726383.3333, 0, 0, 0, 0, 0, 0, 0, 0, 0, 0, 0, 0, 0, 0, 0, 0, 0, 0, 0], 'Mt_PV_1kW[yen/year]': [4329, 4329, 4329, 4329, 4329, 4329, 4329, 4329, 4329, 4329, 4329, 4329, 4329, 4329, 4329, 4329, 4329, 4329, 4329, 4329], 'Ft_PV_1kW[yen/year]': [0, 0, 0, 0, 0, 0, 0, 0, 0, 0, 0, 0, 0, 0, 0, 0, 0, 0, 0, 0], 'It_Wind_1kW[yen/year]': [302274.7826, 0, 0, 0, 0, 0, 0, 0, 0, 0, 0, 0, 0, 0, 0, 0, 0, 0, 0, 0], 'Mt_Wind_1kW[yen/year]': [662.785213, 662.785213, 662.785213, 662.785213, 662.785213, 662.785213, 662.785213, 662.785213, 662.785213, 662.785213, 662.785213, 662.785213, 662.785213, 662.785213, 662.785213, 662.785213, 662.785213, 662.785213, 662.785213, 662.785213], 'Ft_Wind_1kW[yen/year]': [0, 0, 0, 0, 0, 0, 0, 0, 0, 0, 0, 0, 0, 0, 0, 0, 0, 0, 0, 0], 'It_Diesel_1kW[yen/year]': [33611.11, 33611.11, 0, 33611.11, 33611.11, 0, 33611.11, 33611.11, 0, 33611.11, 33611.11, 0, 33611.11, 33611.11, 0, 33611.11, 33611.11, 0, 33611.11, 33611.11], 'Mt_Diesel_1kW[yen/year]': [8.8, 8.8, 8.8, 8.8, 8.8, 8.8, 8.8, 8.8, 8.8, 8.8, 8.8, 8.8, 8.8, 8.8, 8.8, 8.8, 8.8, 8.8, 8.8, 8.8], 'Diesel_Pf': 129, 'Diesel_Adg': 0.2461, 'Diesel_Bdg': 0.081451, 'It_Battery_1kW[yen/year]': [13540, 0, 0, 0, 13540, 0, 0, 0, 13540, 0, 0, 0, 13540, 0, 0, 0, 13540, 0, 0, 0], 'Mt_Battery_1kW[yen/year]': [1100, 1100, 1100, 1100, 1100, 1100, 1100, 1100, 1100, 1100, 1100, 1100, 1100, 1100, 1100, 1100, 1100, 1100, 1100, 1100], 'Ft_Battery_1kW[yen/year]': [0, 0, 0, 0, 0, 0, 0, 0, 0, 0, 0, 0, 0, 0, 0, 0, 0, 0, 0, 0], 'Sell_income_from_trashed[kWh/yen]': [0, 0, 0, 0, 0, 0, 0, 0, 0, 0, 0, 0, 0, 0, 0, 0, 0, 0, 0, 0], 'r[yen/year]': [0.0234375, 0.0234375, 0.0234375, 0.0234375, 0.0234375, 0.0234375, 0.0234375, 0.0234375, 0.0234375, 0.0234375, 0.0234375, 0.0234375, 0.0234375, 0.0234375, 0.0234375, 0.0234375, 0.0234375, 0.0234375, 0.0234375, 0.0234375], 'operation_year': [1, 2, 3, 4, 5, 6, 7, 8, 9, 10, 11, 12, 13, 14, 15, 16, 17, 18, 19, 20]}
SCL:[9758421.29584138 1138017.03238352  326812.88466132 1138641.82022652
 1832276.2597605   326817.09219339 1138642.16380558 1138642.1638099
 1020451.20115633 1138642.16381    1138642.16381     326817.09224756
 1832276.27271878 1138642.16381     326817.09224756 1138642.16381
 1832276.27271878  326817.09224756 1138642.16381    1138642.16381   ]
SEL:[7929.76706777 8111.1653872  8115.51649937 8115.61853455 8115.62092603
 8115.62098208 8115.62098339 8115.62098342 8115.62098342 8115.62098342
 8115.62098342 8115.62098342 8115.62098342 8115.62098342 8115.62098342
 8115.62098342 8115.62098342 8115.62098342 8115.62098342 8115.62098342]