LCOE:178.54056679405033COST:{'COST PV': array([3304859.73,   19579.17,   19579.17,   19579.17,   19579.17,
         19579.17,   19579.17,   19579.17,   19579.17,   19579.17,
         19579.17,   19579.17,   19579.17,   19579.17,   19579.17,
         19579.17,   19579.17,   19579.17,   19579.17,   19579.17]), 'TOTAL COST PV': 3676863.88, 'LCOE PV': 101.04, 'COST Wind': array([5288876.34,   11571.32,   11571.32,   11571.32,   11571.32,
         11571.32,   11571.32,   11571.32,   11571.32,   11571.32,
         11571.32,   11571.32,   11571.32,   11571.32,   11571.32,
         11571.32,   11571.32,   11571.32,   11571.32,   11571.32]), 'TOTAL COST Wind': 5508731.52, 'LCOE WIND': 85.25, 'COST DIESEL': array([1027664.77, 1027664.77,  196700.04, 1027664.77, 1027664.77,
        196700.04, 1027664.77, 1027664.77,  196700.04, 1027664.77,
       1027664.77,  196700.04, 1027664.77, 1027664.77,  196700.04,
       1027664.77, 1027664.77,  196700.04, 1027664.77, 1027664.77]), 'TOTAL COST DIESEL': 15567507.01, 'LCOE DIESEL': 3984.7, 'COST BATTERY': array([730108.73,  54857.9 ,  54857.9 ,  54857.9 , 730108.73,  54857.9 ,
        54857.9 ,  54857.9 , 730108.73,  54857.9 ,  54857.9 ,  54857.9 ,
       730108.73,  54857.9 ,  54857.9 ,  54857.9 , 730108.73,  54857.9 ,
        54857.9 ,  54857.9 ]), 'TOTAL COST BATTERY': 4473412.1, 'LCOE BATTERY': 77.61}
global_best_position:[4522.79177354   17.45863473   49.87081491   24.72291827]
global_best_fitness_value: 28988841.61756458
PSO.best[variables]:{'pv_cap_max': 4522.7917735386845, 'wind_cap_max': 17.458634733994156, 'battery_cap_max': 49.870814908255625, 'battery_max': 39.896651926604505, 'battery_min': 9.974162981651126, 'diesel_max': 24.722918269599244, 'demand_sum': 5230.855261158001, 'pv_power_sum': 1819.547620832149, 'wind_power_sum': 3230.9278777039713, 'battery_charging_power_sum': 2896.958570211056, 'battery_discharging_power_sum': 2881.9973257385786, 'diesel_power_sum': 195.34100709435725, 'trashed_power_sum': 0, 'Diesel_Cf_sum': 9824.12404758068}
PSO.initial_cost_parameters:{'It_PV_1kW[yen/year]': [726383.3333, 0, 0, 0, 0, 0, 0, 0, 0, 0, 0, 0, 0, 0, 0, 0, 0, 0, 0, 0], 'Mt_PV_1kW[yen/year]': [4329, 4329, 4329, 4329, 4329, 4329, 4329, 4329, 4329, 4329, 4329, 4329, 4329, 4329, 4329, 4329, 4329, 4329, 4329, 4329], 'Ft_PV_1kW[yen/year]': [0, 0, 0, 0, 0, 0, 0, 0, 0, 0, 0, 0, 0, 0, 0, 0, 0, 0, 0, 0], 'It_Wind_1kW[yen/year]': [302274.7826, 0, 0, 0, 0, 0, 0, 0, 0, 0, 0, 0, 0, 0, 0, 0, 0, 0, 0, 0], 'Mt_Wind_1kW[yen/year]': [662.785213, 662.785213, 662.785213, 662.785213, 662.785213, 662.785213, 662.785213, 662.785213, 662.785213, 662.785213, 662.785213, 662.785213, 662.785213, 662.785213, 662.785213, 662.785213, 662.785213, 662.785213, 662.785213, 662.785213], 'Ft_Wind_1kW[yen/year]': [0, 0, 0, 0, 0, 0, 0, 0, 0, 0, 0, 0, 0, 0, 0, 0, 0, 0, 0, 0], 'It_Diesel_1kW[yen/year]': [33611.11, 33611.11, 0, 33611.11, 33611.11, 0, 33611.11, 33611.11, 0, 33611.11, 33611.11, 0, 33611.11, 33611.11, 0, 33611.11, 33611.11, 0, 33611.11, 33611.11], 'Mt_Diesel_1kW[yen/year]': [8.8, 8.8, 8.8, 8.8, 8.8, 8.8, 8.8, 8.8, 8.8, 8.8, 8.8, 8.8, 8.8, 8.8, 8.8, 8.8, 8.8, 8.8, 8.8, 8.8], 'Diesel_Pf': 129, 'Diesel_Adg': 0.2461, 'Diesel_Bdg': 0.081451, 'It_Battery_1kW[yen/year]': [13540, 0, 0, 0, 13540, 0, 0, 0, 13540, 0, 0, 0, 13540, 0, 0, 0, 13540, 0, 0, 0], 'Mt_Battery_1kW[yen/year]': [1100, 1100, 1100, 1100, 1100, 1100, 1100, 1100, 1100, 1100, 1100, 1100, 1100, 1100, 1100, 1100, 1100, 1100, 1100, 1100], 'Ft_Battery_1kW[yen/year]': [0, 0, 0, 0, 0, 0, 0, 0, 0, 0, 0, 0, 0, 0, 0, 0, 0, 0, 0, 0], 'Sell_income_from_trashed[kWh/yen]': [0, 0, 0, 0, 0, 0, 0, 0, 0, 0, 0, 0, 0, 0, 0, 0, 0, 0, 0, 0], 'r[yen/year]': [0.0234375, 0.0234375, 0.0234375, 0.0234375, 0.0234375, 0.0234375, 0.0234375, 0.0234375, 0.0234375, 0.0234375, 0.0234375, 0.0234375, 0.0234375, 0.0234375, 0.0234375, 0.0234375, 0.0234375, 0.0234375, 0.0234375, 0.0234375], 'operation_year': [1, 2, 3, 4, 5, 6, 7, 8, 9, 10, 11, 12, 13, 14, 15, 16, 17, 18, 19, 20]}
SCL:[10114452.10078193  1113061.73196995   282704.78984796  1113672.81899137
  1788923.97624658   282708.42951312  1113673.15503616  1113673.15504038
   957959.26341775  1113673.15504049  1113673.15504049   282708.42955998
  1788923.98889827  1113673.15504049   282708.42955998  1113673.15504049
  1788923.98889827   282708.42955998  1113673.15504049  1113673.15504049]
SEL:[7941.68069019 8123.35154109 8127.70919034 8127.81137881 8127.81377389
 8127.81383002 8127.81383134 8127.81383137 8127.81383137 8127.81383137
 8127.81383137 8127.81383137 8127.81383137 8127.81383137 8127.81383137
 8127.81383137 8127.81383137 8127.81383137 8127.81383137 8127.81383137]