LCOE:180.08675698484942COST:{'COST PV': array([3575911.81,   21184.97,   21184.97,   21184.97,   21184.97,
         21184.97,   21184.97,   21184.97,   21184.97,   21184.97,
         21184.97,   21184.97,   21184.97,   21184.97,   21184.97,
         21184.97,   21184.97,   21184.97,   21184.97,   21184.97]), 'TOTAL COST PV': 3978426.32, 'LCOE PV': 106.51, 'COST Wind': array([5345036.49,   11694.2 ,   11694.2 ,   11694.2 ,   11694.2 ,
         11694.2 ,   11694.2 ,   11694.2 ,   11694.2 ,   11694.2 ,
         11694.2 ,   11694.2 ,   11694.2 ,   11694.2 ,   11694.2 ,
         11694.2 ,   11694.2 ,   11694.2 ,   11694.2 ,   11694.2 ]), 'TOTAL COST Wind': 5567226.21, 'LCOE WIND': 86.96, 'COST DIESEL': array([1033079.11, 1033079.11,  187063.41, 1033079.11, 1033079.11,
        187063.41, 1033079.11, 1033079.11,  187063.41, 1033079.11,
       1033079.11,  187063.41, 1033079.11, 1033079.11,  187063.41,
       1033079.11, 1033079.11,  187063.41, 1033079.11, 1033079.11]), 'TOTAL COST DIESEL': 15585487.99, 'LCOE DIESEL': 4411.21, 'COST BATTERY': array([714801.29,  53707.75,  53707.75,  53707.75, 714801.29,  53707.75,
        53707.75,  53707.75, 714801.29,  53707.75,  53707.75,  53707.75,
       714801.29,  53707.75,  53707.75,  53707.75, 714801.29,  53707.75,
        53707.75,  53707.75]), 'TOTAL COST BATTERY': 4379622.63, 'LCOE BATTERY': 75.78}
global_best_position:[4893.7340232    17.64401996   48.82522447   25.17071606]
global_best_fitness_value: 29265820.247474756
PSO.best[variables]:{'pv_cap_max': 4893.734023195243, 'wind_cap_max': 17.644019958649515, 'battery_cap_max': 48.8252244688609, 'battery_max': 39.060179575088725, 'battery_min': 9.765044893772181, 'diesel_max': 25.170716062305367, 'demand_sum': 5230.855261158001, 'pv_power_sum': 1867.6722633822155, 'wind_power_sum': 3201.172670939588, 'battery_charging_power_sum': 2904.166492816155, 'battery_discharging_power_sum': 2889.518925475496, 'diesel_power_sum': 176.65789417685585, 'trashed_power_sum': 0, 'Diesel_Cf_sum': 9342.095135879283}
PSO.initial_cost_parameters:{'It_PV_1kW[yen/year]': [726383.3333, 0, 0, 0, 0, 0, 0, 0, 0, 0, 0, 0, 0, 0, 0, 0, 0, 0, 0, 0], 'Mt_PV_1kW[yen/year]': [4329, 4329, 4329, 4329, 4329, 4329, 4329, 4329, 4329, 4329, 4329, 4329, 4329, 4329, 4329, 4329, 4329, 4329, 4329, 4329], 'Ft_PV_1kW[yen/year]': [0, 0, 0, 0, 0, 0, 0, 0, 0, 0, 0, 0, 0, 0, 0, 0, 0, 0, 0, 0], 'It_Wind_1kW[yen/year]': [302274.7826, 0, 0, 0, 0, 0, 0, 0, 0, 0, 0, 0, 0, 0, 0, 0, 0, 0, 0, 0], 'Mt_Wind_1kW[yen/year]': [662.785213, 662.785213, 662.785213, 662.785213, 662.785213, 662.785213, 662.785213, 662.785213, 662.785213, 662.785213, 662.785213, 662.785213, 662.785213, 662.785213, 662.785213, 662.785213, 662.785213, 662.785213, 662.785213, 662.785213], 'Ft_Wind_1kW[yen/year]': [0, 0, 0, 0, 0, 0, 0, 0, 0, 0, 0, 0, 0, 0, 0, 0, 0, 0, 0, 0], 'It_Diesel_1kW[yen/year]': [33611.11, 33611.11, 0, 33611.11, 33611.11, 0, 33611.11, 33611.11, 0, 33611.11, 33611.11, 0, 33611.11, 33611.11, 0, 33611.11, 33611.11, 0, 33611.11, 33611.11], 'Mt_Diesel_1kW[yen/year]': [8.8, 8.8, 8.8, 8.8, 8.8, 8.8, 8.8, 8.8, 8.8, 8.8, 8.8, 8.8, 8.8, 8.8, 8.8, 8.8, 8.8, 8.8, 8.8, 8.8], 'Diesel_Pf': 129, 'Diesel_Adg': 0.2461, 'Diesel_Bdg': 0.081451, 'It_Battery_1kW[yen/year]': [13540, 0, 0, 0, 13540, 0, 0, 0, 13540, 0, 0, 0, 13540, 0, 0, 0, 13540, 0, 0, 0], 'Mt_Battery_1kW[yen/year]': [1100, 1100, 1100, 1100, 1100, 1100, 1100, 1100, 1100, 1100, 1100, 1100, 1100, 1100, 1100, 1100, 1100, 1100, 1100, 1100], 'Ft_Battery_1kW[yen/year]': [0, 0, 0, 0, 0, 0, 0, 0, 0, 0, 0, 0, 0, 0, 0, 0, 0, 0, 0, 0], 'Sell_income_from_trashed[kWh/yen]': [0, 0, 0, 0, 0, 0, 0, 0, 0, 0, 0, 0, 0, 0, 0, 0, 0, 0, 0, 0], 'r[yen/year]': [0.0234375, 0.0234375, 0.0234375, 0.0234375, 0.0234375, 0.0234375, 0.0234375, 0.0234375, 0.0234375, 0.0234375, 0.0234375, 0.0234375, 0.0234375, 0.0234375, 0.0234375, 0.0234375, 0.0234375, 0.0234375, 0.0234375, 0.0234375], 'operation_year': [1, 2, 3, 4, 5, 6, 7, 8, 9, 10, 11, 12, 13, 14, 15, 16, 17, 18, 19, 20]}
SCL:[10424504.37564372  1119051.31514963   273646.79895359  1119665.69053902
  1780759.55511091   273650.3220022   1119666.02839213  1119666.02839637
   934743.86135594  1119666.02839648  1119666.02839648   273650.32204756
  1780759.56770485  1119666.02839648   273650.32204756  1119666.02839648
  1780759.56770485   273650.32204756  1119666.02839648  1119666.02839648]
SEL:[7948.72354587 8130.55550644 8134.91702014 8135.01929924 8135.02169644
 8135.02175263 8135.02175394 8135.02175397 8135.02175397 8135.02175397
 8135.02175397 8135.02175397 8135.02175397 8135.02175397 8135.02175397
 8135.02175397 8135.02175397 8135.02175397 8135.02175397 8135.02175397]