LCOE:178.21759242837533COST:{'COST PV': array([3107397.68,   18409.33,   18409.33,   18409.33,   18409.33,
         18409.33,   18409.33,   18409.33,   18409.33,   18409.33,
         18409.33,   18409.33,   18409.33,   18409.33,   18409.33,
         18409.33,   18409.33,   18409.33,   18409.33,   18409.33]), 'TOTAL COST PV': 3457174.95, 'LCOE PV': 97.06, 'COST Wind': array([5244956.76,   11475.24,   11475.24,   11475.24,   11475.24,
         11475.24,   11475.24,   11475.24,   11475.24,   11475.24,
         11475.24,   11475.24,   11475.24,   11475.24,   11475.24,
         11475.24,   11475.24,   11475.24,   11475.24,   11475.24]), 'TOTAL COST Wind': 5462986.22, 'LCOE WIND': 83.94, 'COST DIESEL': array([1030001.  , 1030001.  ,  210248.03, 1030001.  , 1030001.  ,
        210248.03, 1030001.  , 1030001.  ,  210248.03, 1030001.  ,
       1030001.  ,  210248.03, 1030001.  , 1030001.  ,  210248.03,
       1030001.  , 1030001.  ,  210248.03, 1030001.  , 1030001.  ]), 'TOTAL COST DIESEL': 15681502.2, 'LCOE DIESEL': 3718.15, 'COST BATTERY': array([741667.46,  55726.38,  55726.38,  55726.38, 741667.46,  55726.38,
        55726.38,  55726.38, 741667.46,  55726.38,  55726.38,  55726.38,
       741667.46,  55726.38,  55726.38,  55726.38, 741667.46,  55726.38,
        55726.38,  55726.38]), 'TOTAL COST BATTERY': 4544233.02, 'LCOE BATTERY': 79.02}
global_best_position:[4252.55950166   17.31365573   50.66034586   24.38934531]
global_best_fitness_value: 28913431.89842027
PSO.best[variables]:{'pv_cap_max': 4252.559501664081, 'wind_cap_max': 17.313655733501257, 'battery_cap_max': 50.66034585598922, 'battery_max': 40.52827668479138, 'battery_min': 10.132069171197845, 'diesel_max': 24.389345314647827, 'demand_sum': 5230.855261158001, 'pv_power_sum': 1780.9863228137372, 'wind_power_sum': 3254.189373676115, 'battery_charging_power_sum': 2890.506687662725, 'battery_discharging_power_sum': 2875.3085839059277, 'diesel_power_sum': 210.87766842494608, 'trashed_power_sum': 0, 'Diesel_Cf_sum': 10501.670309243556}
PSO.initial_cost_parameters:{'It_PV_1kW[yen/year]': [726383.3333, 0, 0, 0, 0, 0, 0, 0, 0, 0, 0, 0, 0, 0, 0, 0, 0, 0, 0, 0], 'Mt_PV_1kW[yen/year]': [4329, 4329, 4329, 4329, 4329, 4329, 4329, 4329, 4329, 4329, 4329, 4329, 4329, 4329, 4329, 4329, 4329, 4329, 4329, 4329], 'Ft_PV_1kW[yen/year]': [0, 0, 0, 0, 0, 0, 0, 0, 0, 0, 0, 0, 0, 0, 0, 0, 0, 0, 0, 0], 'It_Wind_1kW[yen/year]': [302274.7826, 0, 0, 0, 0, 0, 0, 0, 0, 0, 0, 0, 0, 0, 0, 0, 0, 0, 0, 0], 'Mt_Wind_1kW[yen/year]': [662.785213, 662.785213, 662.785213, 662.785213, 662.785213, 662.785213, 662.785213, 662.785213, 662.785213, 662.785213, 662.785213, 662.785213, 662.785213, 662.785213, 662.785213, 662.785213, 662.785213, 662.785213, 662.785213, 662.785213], 'Ft_Wind_1kW[yen/year]': [0, 0, 0, 0, 0, 0, 0, 0, 0, 0, 0, 0, 0, 0, 0, 0, 0, 0, 0, 0], 'It_Diesel_1kW[yen/year]': [33611.11, 33611.11, 0, 33611.11, 33611.11, 0, 33611.11, 33611.11, 0, 33611.11, 33611.11, 0, 33611.11, 33611.11, 0, 33611.11, 33611.11, 0, 33611.11, 33611.11], 'Mt_Diesel_1kW[yen/year]': [8.8, 8.8, 8.8, 8.8, 8.8, 8.8, 8.8, 8.8, 8.8, 8.8, 8.8, 8.8, 8.8, 8.8, 8.8, 8.8, 8.8, 8.8, 8.8, 8.8], 'Diesel_Pf': 129, 'Diesel_Adg': 0.2461, 'Diesel_Bdg': 0.081451, 'It_Battery_1kW[yen/year]': [13540, 0, 0, 0, 13540, 0, 0, 0, 13540, 0, 0, 0, 13540, 0, 0, 0, 13540, 0, 0, 0], 'Mt_Battery_1kW[yen/year]': [1100, 1100, 1100, 1100, 1100, 1100, 1100, 1100, 1100, 1100, 1100, 1100, 1100, 1100, 1100, 1100, 1100, 1100, 1100, 1100], 'Ft_Battery_1kW[yen/year]': [0, 0, 0, 0, 0, 0, 0, 0, 0, 0, 0, 0, 0, 0, 0, 0, 0, 0, 0, 0], 'Sell_income_from_trashed[kWh/yen]': [0, 0, 0, 0, 0, 0, 0, 0, 0, 0, 0, 0, 0, 0, 0, 0, 0, 0, 0, 0], 'r[yen/year]': [0.0234375, 0.0234375, 0.0234375, 0.0234375, 0.0234375, 0.0234375, 0.0234375, 0.0234375, 0.0234375, 0.0234375, 0.0234375, 0.0234375, 0.0234375, 0.0234375, 0.0234375, 0.0234375, 0.0234375, 0.0234375, 0.0234375, 0.0234375], 'operation_year': [1, 2, 3, 4, 5, 6, 7, 8, 9, 10, 11, 12, 13, 14, 15, 16, 17, 18, 19, 20]}
SCL:[9892175.04514976 1114999.45865408  295855.16893314 1115611.60951554
 1801553.01629878  295858.97790203 1115611.94614535 1115611.94614958
  981800.06084116 1115611.94614968 1115611.94614968  295858.97795107
 1801553.02903978 1115611.94614968  295858.97795107 1115611.94614968
 1801553.02903978  295858.97795107 1115611.94614968 1115611.94614968]
SEL:[7935.37656068 8116.90320072 8121.25739085 8121.35949821 8121.36189138
 8121.36194747 8121.36194879 8121.36194882 8121.36194882 8121.36194882
 8121.36194882 8121.36194882 8121.36194882 8121.36194882 8121.36194882
 8121.36194882 8121.36194882 8121.36194882 8121.36194882 8121.36194882]