LCOE:400.20874244477307
global_best_position:[1469.18712955    2.81150913   12.1191188    10.89584398]
global_best_fitness_value: 65872582.61944964
COST:{'COST PV': array([1073553.16,    6360.11,    6360.11,    6360.11,    6360.11,
          6360.11,    6360.11,    6360.11,    6360.11,    6360.11,
          6360.11,    6360.11,    6360.11,    6360.11,    6360.11,
          6360.11,    6360.11,    6360.11,    6360.11,    6360.11]), 'TOTAL COST PV': 1194395.27, 'LCOE PV': 34.39, 'COST Wind': array([851711.74,   1863.43,   1863.43,   1863.43,   1863.43,   1863.43,
         1863.43,   1863.43,   1863.43,   1863.43,   1863.43,   1863.43,
         1863.43,   1863.43,   1863.43,   1863.43,   1863.43,   1863.43,
         1863.43,   1863.43]), 'TOTAL COST Wind': 887116.84, 'LCOE WIND': 18.26, 'COST DIESEL': array([3251287.97, 3251287.97, 2885066.56, 3251287.97, 3251287.97,
       2885066.56, 3251287.97, 3251287.97, 2885066.56, 3251287.97,
       3251287.97, 2885066.56, 3251287.97, 3251287.97, 2885066.56,
       3251287.97, 3251287.97, 2885066.56, 3251287.97, 3251287.97]), 'TOTAL COST DIESEL': 62828430.98, 'LCOE DIESEL': 1246.79, 'COST BATTERY': array([177423.9 ,  13331.03,  13331.03,  13331.03, 177423.9 ,  13331.03,
        13331.03,  13331.03, 177423.9 ,  13331.03,  13331.03,  13331.03,
       177423.9 ,  13331.03,  13331.03,  13331.03, 177423.9 ,  13331.03,
        13331.03,  13331.03]), 'TOTAL COST BATTERY': 1087084.96, 'LCOE BATTERY': 34.99}
PSO.best[variables]:{'pv_cap_max': 1469.1871295528474, 'wind_cap_max': 2.811509126586096, 'battery_cap_max': 12.119118795187074, 'battery_max': 9.695295036149659, 'battery_min': 2.4238237590374148, 'diesel_max': 10.895843984530753, 'demand_sum': 5230.855261158001, 'pv_power_sum': 1736.5748741145896, 'wind_power_sum': 2429.6823791298357, 'battery_charging_power_sum': 1557.2230111174945, 'battery_discharging_power_sum': 1553.5872754789384, 'diesel_power_sum': 2519.5996268189897, 'trashed_power_sum': 1451.3658832668586, 'Diesel_Cf_sum': 144248.53390732035}
PSO.initial_cost_parameters:{'It_PV_1kW[yen/year]': [726383.3333, 0, 0, 0, 0, 0, 0, 0, 0, 0, 0, 0, 0, 0, 0, 0, 0, 0, 0, 0], 'Mt_PV_1kW[yen/year]': [4329, 4329, 4329, 4329, 4329, 4329, 4329, 4329, 4329, 4329, 4329, 4329, 4329, 4329, 4329, 4329, 4329, 4329, 4329, 4329], 'Ft_PV_1kW[yen/year]': [0, 0, 0, 0, 0, 0, 0, 0, 0, 0, 0, 0, 0, 0, 0, 0, 0, 0, 0, 0], 'It_Wind_1kW[yen/year]': [302274.7826, 0, 0, 0, 0, 0, 0, 0, 0, 0, 0, 0, 0, 0, 0, 0, 0, 0, 0, 0], 'Mt_Wind_1kW[yen/year]': [662.785213, 662.785213, 662.785213, 662.785213, 662.785213, 662.785213, 662.785213, 662.785213, 662.785213, 662.785213, 662.785213, 662.785213, 662.785213, 662.785213, 662.785213, 662.785213, 662.785213, 662.785213, 662.785213, 662.785213], 'Ft_Wind_1kW[yen/year]': [0, 0, 0, 0, 0, 0, 0, 0, 0, 0, 0, 0, 0, 0, 0, 0, 0, 0, 0, 0], 'It_Diesel_1kW[yen/year]': [33611.11, 33611.11, 0, 33611.11, 33611.11, 0, 33611.11, 33611.11, 0, 33611.11, 33611.11, 0, 33611.11, 33611.11, 0, 33611.11, 33611.11, 0, 33611.11, 33611.11], 'Mt_Diesel_1kW[yen/year]': [8.8, 8.8, 8.8, 8.8, 8.8, 8.8, 8.8, 8.8, 8.8, 8.8, 8.8, 8.8, 8.8, 8.8, 8.8, 8.8, 8.8, 8.8, 8.8, 8.8], 'Diesel_Pf': 129, 'Diesel_Adg': 0.2461, 'Diesel_Bdg': 0.081451, 'It_Battery_1kW[yen/year]': [13540, 0, 0, 0, 13540, 0, 0, 0, 13540, 0, 0, 0, 13540, 0, 0, 0, 13540, 0, 0, 0], 'Mt_Battery_1kW[yen/year]': [1100, 1100, 1100, 1100, 1100, 1100, 1100, 1100, 1100, 1100, 1100, 1100, 1100, 1100, 1100, 1100, 1100, 1100, 1100, 1100], 'Ft_Battery_1kW[yen/year]': [0, 0, 0, 0, 0, 0, 0, 0, 0, 0, 0, 0, 0, 0, 0, 0, 0, 0, 0, 0], 'Sell_income_from_trashed[kWh/yen]': [0, 0, 0, 0, 0, 0, 0, 0, 0, 0, 0, 0, 0, 0, 0, 0, 0, 0, 0, 0], 'r[yen/year]': [0.0234375, 0.0234375, 0.0234375, 0.0234375, 0.0234375, 0.0234375, 0.0234375, 0.0234375, 0.0234375, 0.0234375, 0.0234375, 0.0234375, 0.0234375, 0.0234375, 0.0234375, 0.0234375, 0.0234375, 0.0234375, 0.0234375, 0.0234375], 'operation_year': [1, 2, 3, 4, 5, 6, 7, 8, 9, 10, 11, 12, 13, 14, 15, 16, 17, 18, 19, 20]}
SCL:[5231366.6087317  3271045.70164472 2906583.7088952  3272841.55313915
 3436935.38489426 2906621.12952554 3272842.54070151 3272842.54071393
 3070713.99849415 3272842.54071423 3272842.54071423 2906621.13000733
 3436935.40920106 3272842.54071423 2906621.13000733 3272842.54071423
 3436935.40920106 2906621.13000733 3272842.54071423 3272842.54071423]
SEL:[8050.75459473 8234.92057856 8239.33807733 8239.4416693  8239.44409727
 8239.44415418 8239.44415551 8239.44415554 8239.44415554 8239.44415554
 8239.44415554 8239.44415554 8239.44415554 8239.44415554 8239.44415554
 8239.44415554 8239.44415554 8239.44415554 8239.44415554 8239.44415554]