LCOE:116.64227442731054COST:{'COST PV': array([4550899.8 ,   26961.15,   26961.15,   26961.15,   26961.15,
         26961.15,   26961.15,   26961.15,   26961.15,   26961.15,
         26961.15,   26961.15,   26961.15,   26961.15,   26961.15,
         26961.15,   26961.15,   26961.15,   26961.15,   26961.15]), 'TOTAL COST PV': 5063161.66, 'LCOE PV': 100.32, 'COST Wind': array([2959661.84,    6475.33,    6475.33,    6475.33,    6475.33,
          6475.33,    6475.33,    6475.33,    6475.33,    6475.33,
          6475.33,    6475.33,    6475.33,    6475.33,    6475.33,
          6475.33,    6475.33,    6475.33,    6475.33,    6475.33]), 'TOTAL COST Wind': 3082693.07, 'LCOE WIND': 60.03, 'COST DIESEL': array([417505.79, 417505.79, 173541.11, 417505.79, 417505.79, 173541.11,
       417505.79, 417505.79, 173541.11, 417505.79, 417505.79, 173541.11,
       417505.79, 417505.79, 173541.11, 417505.79, 417505.79, 173541.11,
       417505.79, 417505.79]), 'TOTAL COST DIESEL': 6886327.7, 'LCOE DIESEL': 2199.14, 'COST BATTERY': array([819291.84,  61558.81,  61558.81,  61558.81, 819291.84,  61558.81,
        61558.81,  61558.81, 819291.84,  61558.81,  61558.81,  61558.81,
       819291.84,  61558.81,  61558.81,  61558.81, 819291.84,  61558.81,
        61558.81,  61558.81]), 'TOTAL COST BATTERY': 5019841.41, 'LCOE BATTERY': 76.71}
global_best_position:[6228.03200846    9.76987391   55.96255748    7.25845353]
global_best_fitness_value: 19851417.639373556
PSO.best[variables]:{'pv_cap_max': 6228.0320084603145, 'wind_cap_max': 9.769873907985712, 'battery_cap_max': 55.962557476736535, 'battery_max': 44.77004598138923, 'battery_min': 11.192511495347308, 'diesel_max': 7.258453533007942, 'demand_sum': 5230.855261158001, 'pv_power_sum': 2523.518052188748, 'wind_power_sum': 2567.5570188955003, 'battery_charging_power_sum': 3288.668960476291, 'battery_discharging_power_sum': 3271.880193233269, 'diesel_power_sum': 156.56895731677372, 'trashed_power_sum': 0, 'Diesel_Cf_sum': 8673.8617203707}
PSO.initial_cost_parameters:{'It_PV_1kW[yen/year]': [726383.3333, 0, 0, 0, 0, 0, 0, 0, 0, 0, 0, 0, 0, 0, 0, 0, 0, 0, 0, 0], 'Mt_PV_1kW[yen/year]': [4329, 4329, 4329, 4329, 4329, 4329, 4329, 4329, 4329, 4329, 4329, 4329, 4329, 4329, 4329, 4329, 4329, 4329, 4329, 4329], 'Ft_PV_1kW[yen/year]': [0, 0, 0, 0, 0, 0, 0, 0, 0, 0, 0, 0, 0, 0, 0, 0, 0, 0, 0, 0], 'It_Wind_1kW[yen/year]': [302274.7826, 0, 0, 0, 0, 0, 0, 0, 0, 0, 0, 0, 0, 0, 0, 0, 0, 0, 0, 0], 'Mt_Wind_1kW[yen/year]': [662.785213, 662.785213, 662.785213, 662.785213, 662.785213, 662.785213, 662.785213, 662.785213, 662.785213, 662.785213, 662.785213, 662.785213, 662.785213, 662.785213, 662.785213, 662.785213, 662.785213, 662.785213, 662.785213, 662.785213], 'Ft_Wind_1kW[yen/year]': [0, 0, 0, 0, 0, 0, 0, 0, 0, 0, 0, 0, 0, 0, 0, 0, 0, 0, 0, 0], 'It_Diesel_1kW[yen/year]': [33611.11, 33611.11, 0, 33611.11, 33611.11, 0, 33611.11, 33611.11, 0, 33611.11, 33611.11, 0, 33611.11, 33611.11, 0, 33611.11, 33611.11, 0, 33611.11, 33611.11], 'Mt_Diesel_1kW[yen/year]': [8.8, 8.8, 8.8, 8.8, 8.8, 8.8, 8.8, 8.8, 8.8, 8.8, 8.8, 8.8, 8.8, 8.8, 8.8, 8.8, 8.8, 8.8, 8.8, 8.8], 'Diesel_Pf': 129, 'Diesel_Adg': 0.2461, 'Diesel_Bdg': 0.081451, 'It_Battery_1kW[yen/year]': [13540, 0, 0, 0, 13540, 0, 0, 0, 13540, 0, 0, 0, 13540, 0, 0, 0, 13540, 0, 0, 0], 'Mt_Battery_1kW[yen/year]': [1100, 1100, 1100, 1100, 1100, 1100, 1100, 1100, 1100, 1100, 1100, 1100, 1100, 1100, 1100, 1100, 1100, 1100, 1100, 1100], 'Ft_Battery_1kW[yen/year]': [0, 0, 0, 0, 0, 0, 0, 0, 0, 0, 0, 0, 0, 0, 0, 0, 0, 0, 0, 0], 'Sell_income_from_trashed[kWh/yen]': [0, 0, 0, 0, 0, 0, 0, 0, 0, 0, 0, 0, 0, 0, 0, 0, 0, 0, 0, 0], 'r[yen/year]': [0.0234375, 0.0234375, 0.0234375, 0.0234375, 0.0234375, 0.0234375, 0.0234375, 0.0234375, 0.0234375, 0.0234375, 0.0234375, 0.0234375, 0.0234375, 0.0234375, 0.0234375, 0.0234375, 0.0234375, 0.0234375, 0.0234375, 0.0234375], 'operation_year': [1, 2, 3, 4, 5, 6, 7, 8, 9, 10, 11, 12, 13, 14, 15, 16, 17, 18, 19, 20]}
SCL:[8547038.06600769  512219.70998415  268532.94329152  512500.92602805
 1270234.09992607  268536.40050212  512501.08067245  512501.0806744
 1026269.42878164  512501.08067445  512501.08067445  268536.40054663
 1270234.10890946  512501.08067445  268536.40054663  512501.08067445
 1270234.10890946  268536.40054663  512501.08067445  512501.08067445]
SEL:[8324.42061351 8514.84687655 8519.41453755 8519.52165088 8519.52416138
 8519.52422022 8519.5242216  8519.52422163 8519.52422163 8519.52422163
 8519.52422163 8519.52422163 8519.52422163 8519.52422163 8519.52422163
 8519.52422163 8519.52422163 8519.52422163 8519.52422163 8519.52422163]