LCOE:118.92735114037929COST:{'COST PV': array([4755623.93,   28174.01,   28174.01,   28174.01,   28174.01,
         28174.01,   28174.01,   28174.01,   28174.01,   28174.01,
         28174.01,   28174.01,   28174.01,   28174.01,   28174.01,
         28174.01,   28174.01,   28174.01,   28174.01,   28174.01]), 'TOTAL COST PV': 5290930.1, 'LCOE PV': 112.28, 'COST Wind': array([3792111.18,    8296.61,    8296.61,    8296.61,    8296.61,
          8296.61,    8296.61,    8296.61,    8296.61,    8296.61,
          8296.61,    8296.61,    8296.61,    8296.61,    8296.61,
          8296.61,    8296.61,    8296.61,    8296.61,    8296.61]), 'TOTAL COST Wind': 3949746.79, 'LCOE WIND': 70.59, 'COST DIESEL': array([342639.5 , 342639.5 , 110465.62, 342639.5 , 342639.5 , 110465.62,
       342639.5 , 342639.5 , 110465.62, 342639.5 , 342639.5 , 110465.62,
       342639.5 , 342639.5 , 110465.62, 342639.5 , 342639.5 , 110465.62,
       342639.5 , 342639.5 ]), 'TOTAL COST DIESEL': 5459746.73, 'LCOE DIESEL': 2851.69, 'COST BATTERY': array([905882.07,  68064.91,  68064.91,  68064.91, 905882.07,  68064.91,
        68064.91,  68064.91, 905882.07,  68064.91,  68064.91,  68064.91,
       905882.07,  68064.91,  68064.91,  68064.91, 905882.07,  68064.91,
        68064.91,  68064.91]), 'TOTAL COST BATTERY': 5550384.01, 'LCOE BATTERY': 87.27}
global_best_position:[6508.20262809   12.51779767   61.87719078    6.90765292]
global_best_fitness_value: 20026217.4595873
PSO.best[variables]:{'pv_cap_max': 6508.202628094596, 'wind_cap_max': 12.517797668885809, 'battery_cap_max': 61.87719077866041, 'battery_max': 49.501752622928336, 'battery_min': 12.375438155732084, 'diesel_max': 6.907652915792694, 'demand_sum': 5230.855261158001, 'pv_power_sum': 2356.216667076829, 'wind_power_sum': 2797.4736404263276, 'battery_charging_power_sum': 3198.550834196872, 'battery_discharging_power_sum': 3179.987676963273, 'diesel_power_sum': 95.72811088844279, 'trashed_power_sum': 0, 'Diesel_Cf_sum': 5520.241576436718}
PSO.initial_cost_parameters:{'It_PV_1kW[yen/year]': [726383.3333, 0, 0, 0, 0, 0, 0, 0, 0, 0, 0, 0, 0, 0, 0, 0, 0, 0, 0, 0], 'Mt_PV_1kW[yen/year]': [4329, 4329, 4329, 4329, 4329, 4329, 4329, 4329, 4329, 4329, 4329, 4329, 4329, 4329, 4329, 4329, 4329, 4329, 4329, 4329], 'Ft_PV_1kW[yen/year]': [0, 0, 0, 0, 0, 0, 0, 0, 0, 0, 0, 0, 0, 0, 0, 0, 0, 0, 0, 0], 'It_Wind_1kW[yen/year]': [302274.7826, 0, 0, 0, 0, 0, 0, 0, 0, 0, 0, 0, 0, 0, 0, 0, 0, 0, 0, 0], 'Mt_Wind_1kW[yen/year]': [662.785213, 662.785213, 662.785213, 662.785213, 662.785213, 662.785213, 662.785213, 662.785213, 662.785213, 662.785213, 662.785213, 662.785213, 662.785213, 662.785213, 662.785213, 662.785213, 662.785213, 662.785213, 662.785213, 662.785213], 'Ft_Wind_1kW[yen/year]': [0, 0, 0, 0, 0, 0, 0, 0, 0, 0, 0, 0, 0, 0, 0, 0, 0, 0, 0, 0], 'It_Diesel_1kW[yen/year]': [33611.11, 33611.11, 0, 33611.11, 33611.11, 0, 33611.11, 33611.11, 0, 33611.11, 33611.11, 0, 33611.11, 33611.11, 0, 33611.11, 33611.11, 0, 33611.11, 33611.11], 'Mt_Diesel_1kW[yen/year]': [8.8, 8.8, 8.8, 8.8, 8.8, 8.8, 8.8, 8.8, 8.8, 8.8, 8.8, 8.8, 8.8, 8.8, 8.8, 8.8, 8.8, 8.8, 8.8, 8.8], 'Diesel_Pf': 129, 'Diesel_Adg': 0.2461, 'Diesel_Bdg': 0.081451, 'It_Battery_1kW[yen/year]': [13540, 0, 0, 0, 13540, 0, 0, 0, 13540, 0, 0, 0, 13540, 0, 0, 0, 13540, 0, 0, 0], 'Mt_Battery_1kW[yen/year]': [1100, 1100, 1100, 1100, 1100, 1100, 1100, 1100, 1100, 1100, 1100, 1100, 1100, 1100, 1100, 1100, 1100, 1100, 1100, 1100], 'Ft_Battery_1kW[yen/year]': [0, 0, 0, 0, 0, 0, 0, 0, 0, 0, 0, 0, 0, 0, 0, 0, 0, 0, 0, 0], 'Sell_income_from_trashed[kWh/yen]': [0, 0, 0, 0, 0, 0, 0, 0, 0, 0, 0, 0, 0, 0, 0, 0, 0, 0, 0, 0], 'r[yen/year]': [0.0234375, 0.0234375, 0.0234375, 0.0234375, 0.0234375, 0.0234375, 0.0234375, 0.0234375, 0.0234375, 0.0234375, 0.0234375, 0.0234375, 0.0234375, 0.0234375, 0.0234375, 0.0234375, 0.0234375, 0.0234375, 0.0234375, 0.0234375], 'operation_year': [1, 2, 3, 4, 5, 6, 7, 8, 9, 10, 11, 12, 13, 14, 15, 16, 17, 18, 19, 20]}
SCL:[9571914.92594341  446929.52537601  214998.38108334  447174.89616237
 1284992.18515203  215001.14906657  447175.031095    447175.03109669
 1052818.31224526  447175.03109673  447175.03109673  215001.1491022
 1284992.1942398   447175.03109673  215001.1491022   447175.03109673
 1284992.1942398   215001.1491022   447175.03109673  447175.03109673]
SEL:[8236.36626111 8424.77822646 8429.29757149 8429.40355179 8429.40603574
 8429.40609396 8429.40609532 8429.40609535 8429.40609535 8429.40609535
 8429.40609535 8429.40609535 8429.40609535 8429.40609535 8429.40609535
 8429.40609535 8429.40609535 8429.40609535 8429.40609535 8429.40609535]