LCOE:114.30063467280661COST:{'COST PV': array([5157852.12,   30556.95,   30556.95,   30556.95,   30556.95,
         30556.95,   30556.95,   30556.95,   30556.95,   30556.95,
         30556.95,   30556.95,   30556.95,   30556.95,   30556.95,
         30556.95,   30556.95,   30556.95,   30556.95,   30556.95]), 'TOTAL COST PV': 5738434.21, 'LCOE PV': 73.62, 'COST Wind': array([669814.93,   1465.46,   1465.46,   1465.46,   1465.46,   1465.46,
         1465.46,   1465.46,   1465.46,   1465.46,   1465.46,   1465.46,
         1465.46,   1465.46,   1465.46,   1465.46,   1465.46,   1465.46,
         1465.46,   1465.46]), 'TOTAL COST Wind': 697658.7, 'LCOE WIND': 28.73, 'COST DIESEL': array([458397.71, 458397.71, 158218.91, 458397.71, 458397.71, 158218.91,
       458397.71, 458397.71, 158218.91, 458397.71, 458397.71, 158218.91,
       458397.71, 458397.71, 158218.91, 458397.71, 458397.71, 158218.91,
       458397.71, 458397.71]), 'TOTAL COST DIESEL': 7366881.39, 'LCOE DIESEL': 2568.46, 'COST BATTERY': array([1182867.48,   88876.65,   88876.65,   88876.65, 1182867.48,
         88876.65,   88876.65,   88876.65, 1182867.48,   88876.65,
         88876.65,   88876.65, 1182867.48,   88876.65,   88876.65,
         88876.65, 1182867.48,   88876.65,   88876.65,   88876.65]), 'TOTAL COST BATTERY': 7247487.2, 'LCOE BATTERY': 93.17}
global_best_position:[7.05866301e+03 2.21106591e+00 8.07969588e+01 8.93093965e+00]
global_best_fitness_value: 20879095.433006447
PSO.best[variables]:{'pv_cap_max': 7058.663006398069, 'wind_cap_max': 2.211065908407922, 'battery_cap_max': 80.79695877373408, 'battery_max': 64.63756701898727, 'battery_min': 16.159391754746817, 'diesel_max': 8.930939648783573, 'demand_sum': 5230.855261158001, 'pv_power_sum': 3897.3080581218146, 'wind_power_sum': 1214.1739832560193, 'battery_charging_power_sum': 3913.2840223777202, 'battery_discharging_power_sum': 3889.246626473108, 'diesel_power_sum': 143.41061568477843, 'trashed_power_sum': 0, 'Diesel_Cf_sum': 7907.0160495001755}
PSO.initial_cost_parameters:{'It_PV_1kW[yen/year]': [726383.3333, 0, 0, 0, 0, 0, 0, 0, 0, 0, 0, 0, 0, 0, 0, 0, 0, 0, 0, 0], 'Mt_PV_1kW[yen/year]': [4329, 4329, 4329, 4329, 4329, 4329, 4329, 4329, 4329, 4329, 4329, 4329, 4329, 4329, 4329, 4329, 4329, 4329, 4329, 4329], 'Ft_PV_1kW[yen/year]': [0, 0, 0, 0, 0, 0, 0, 0, 0, 0, 0, 0, 0, 0, 0, 0, 0, 0, 0, 0], 'It_Wind_1kW[yen/year]': [302274.7826, 0, 0, 0, 0, 0, 0, 0, 0, 0, 0, 0, 0, 0, 0, 0, 0, 0, 0, 0], 'Mt_Wind_1kW[yen/year]': [662.785213, 662.785213, 662.785213, 662.785213, 662.785213, 662.785213, 662.785213, 662.785213, 662.785213, 662.785213, 662.785213, 662.785213, 662.785213, 662.785213, 662.785213, 662.785213, 662.785213, 662.785213, 662.785213, 662.785213], 'Ft_Wind_1kW[yen/year]': [0, 0, 0, 0, 0, 0, 0, 0, 0, 0, 0, 0, 0, 0, 0, 0, 0, 0, 0, 0], 'It_Diesel_1kW[yen/year]': [33611.11, 33611.11, 0, 33611.11, 33611.11, 0, 33611.11, 33611.11, 0, 33611.11, 33611.11, 0, 33611.11, 33611.11, 0, 33611.11, 33611.11, 0, 33611.11, 33611.11], 'Mt_Diesel_1kW[yen/year]': [8.8, 8.8, 8.8, 8.8, 8.8, 8.8, 8.8, 8.8, 8.8, 8.8, 8.8, 8.8, 8.8, 8.8, 8.8, 8.8, 8.8, 8.8, 8.8, 8.8], 'Diesel_Pf': 129, 'Diesel_Adg': 0.2461, 'Diesel_Bdg': 0.081451, 'It_Battery_1kW[yen/year]': [13540, 0, 0, 0, 13540, 0, 0, 0, 13540, 0, 0, 0, 13540, 0, 0, 0, 13540, 0, 0, 0], 'Mt_Battery_1kW[yen/year]': [1100, 1100, 1100, 1100, 1100, 1100, 1100, 1100, 1100, 1100, 1100, 1100, 1100, 1100, 1100, 1100, 1100, 1100, 1100, 1100], 'Ft_Battery_1kW[yen/year]': [0, 0, 0, 0, 0, 0, 0, 0, 0, 0, 0, 0, 0, 0, 0, 0, 0, 0, 0, 0], 'Sell_income_from_trashed[kWh/yen]': [0, 0, 0, 0, 0, 0, 0, 0, 0, 0, 0, 0, 0, 0, 0, 0, 0, 0, 0, 0], 'r[yen/year]': [0.0234375, 0.0234375, 0.0234375, 0.0234375, 0.0234375, 0.0234375, 0.0234375, 0.0234375, 0.0234375, 0.0234375, 0.0234375, 0.0234375, 0.0234375, 0.0234375, 0.0234375, 0.0234375, 0.0234375, 0.0234375, 0.0234375, 0.0234375], 'operation_year': [1, 2, 3, 4, 5, 6, 7, 8, 9, 10, 11, 12, 13, 14, 15, 16, 17, 18, 19, 20]}
SCL:[7297887.97908604  578978.7342748   279114.38836676  579296.60199052
 1673287.58675489  279117.98180751  579296.77679015  579296.77679235
 1373108.80365013  579296.7767924   579296.7767924   279117.98185378
 1673287.59858876  579296.7767924   279117.98185378  579296.7767924
 1673287.59858876  279117.98185378  579296.7767924   579296.7767924 ]
SEL:[8934.73151368 9139.11901552 9144.02155789 9144.13652431 9144.13921887
 9144.13928202 9144.1392835  9144.13928353 9144.13928354 9144.13928354
 9144.13928354 9144.13928354 9144.13928354 9144.13928354 9144.13928354
 9144.13928354 9144.13928354 9144.13928354 9144.13928354 9144.13928354]