LCOE:110.21029906300384COST:{'COST PV': array([6285576.4 ,   37237.99,   37237.99,   37237.99,   37237.99,
         37237.99,   37237.99,   37237.99,   37237.99,   37237.99,
         37237.99,   37237.99,   37237.99,   37237.99,   37237.99,
         37237.99,   37237.99,   37237.99,   37237.99,   37237.99]), 'TOTAL COST PV': 6993098.25, 'LCOE PV': 94.29, 'COST Wind': array([946541.8,   2070.9,   2070.9,   2070.9,   2070.9,   2070.9,
         2070.9,   2070.9,   2070.9,   2070.9,   2070.9,   2070.9,
         2070.9,   2070.9,   2070.9,   2070.9,   2070.9,   2070.9,
         2070.9,   2070.9]), 'TOTAL COST Wind': 985888.93, 'LCOE WIND': 34.34, 'COST DIESEL': array([402904.03, 402904.03, 126427.38, 402904.03, 402904.03, 126427.38,
       402904.03, 402904.03, 126427.38, 402904.03, 402904.03, 126427.38,
       402904.03, 402904.03, 126427.38, 402904.03, 402904.03, 126427.38,
       402904.03, 402904.03]), 'TOTAL COST DIESEL': 6399220.66, 'LCOE DIESEL': 3008.11, 'COST BATTERY': array([940258.58,  70647.84,  70647.84,  70647.84, 940258.58,  70647.84,
        70647.84,  70647.84, 940258.58,  70647.84,  70647.84,  70647.84,
       940258.58,  70647.84,  70647.84,  70647.84, 940258.58,  70647.84,
        70647.84,  70647.84]), 'TOTAL COST BATTERY': 5761010.55, 'LCOE BATTERY': 75.64}
global_best_position:[8.60198482e+03 3.12454414e+00 6.42253128e+01 8.22575161e+00]
global_best_fitness_value: 19942553.150193147
PSO.best[variables]:{'pv_cap_max': 8601.984820970127, 'wind_cap_max': 3.1245441405265337, 'battery_cap_max': 64.22531275686245, 'battery_max': 51.380250205489965, 'battery_min': 12.845062551372491, 'diesel_max': 8.22575160534432, 'demand_sum': 5230.855261158001, 'pv_power_sum': 3708.2943432370625, 'wind_power_sum': 1435.4624137057456, 'battery_charging_power_sum': 3827.271051261286, 'battery_discharging_power_sum': 3808.0034574342253, 'diesel_power_sum': 106.36609804225236, 'trashed_power_sum': 0, 'Diesel_Cf_sum': 6317.749851661496}
PSO.initial_cost_parameters:{'It_PV_1kW[yen/year]': [726383.3333, 0, 0, 0, 0, 0, 0, 0, 0, 0, 0, 0, 0, 0, 0, 0, 0, 0, 0, 0], 'Mt_PV_1kW[yen/year]': [4329, 4329, 4329, 4329, 4329, 4329, 4329, 4329, 4329, 4329, 4329, 4329, 4329, 4329, 4329, 4329, 4329, 4329, 4329, 4329], 'Ft_PV_1kW[yen/year]': [0, 0, 0, 0, 0, 0, 0, 0, 0, 0, 0, 0, 0, 0, 0, 0, 0, 0, 0, 0], 'It_Wind_1kW[yen/year]': [302274.7826, 0, 0, 0, 0, 0, 0, 0, 0, 0, 0, 0, 0, 0, 0, 0, 0, 0, 0, 0], 'Mt_Wind_1kW[yen/year]': [662.785213, 662.785213, 662.785213, 662.785213, 662.785213, 662.785213, 662.785213, 662.785213, 662.785213, 662.785213, 662.785213, 662.785213, 662.785213, 662.785213, 662.785213, 662.785213, 662.785213, 662.785213, 662.785213, 662.785213], 'Ft_Wind_1kW[yen/year]': [0, 0, 0, 0, 0, 0, 0, 0, 0, 0, 0, 0, 0, 0, 0, 0, 0, 0, 0, 0], 'It_Diesel_1kW[yen/year]': [33611.11, 33611.11, 0, 33611.11, 33611.11, 0, 33611.11, 33611.11, 0, 33611.11, 33611.11, 0, 33611.11, 33611.11, 0, 33611.11, 33611.11, 0, 33611.11, 33611.11], 'Mt_Diesel_1kW[yen/year]': [8.8, 8.8, 8.8, 8.8, 8.8, 8.8, 8.8, 8.8, 8.8, 8.8, 8.8, 8.8, 8.8, 8.8, 8.8, 8.8, 8.8, 8.8, 8.8, 8.8], 'Diesel_Pf': 129, 'Diesel_Adg': 0.2461, 'Diesel_Bdg': 0.081451, 'It_Battery_1kW[yen/year]': [13540, 0, 0, 0, 13540, 0, 0, 0, 13540, 0, 0, 0, 13540, 0, 0, 0, 13540, 0, 0, 0], 'Mt_Battery_1kW[yen/year]': [1100, 1100, 1100, 1100, 1100, 1100, 1100, 1100, 1100, 1100, 1100, 1100, 1100, 1100, 1100, 1100, 1100, 1100, 1100, 1100], 'Ft_Battery_1kW[yen/year]': [0, 0, 0, 0, 0, 0, 0, 0, 0, 0, 0, 0, 0, 0, 0, 0, 0, 0, 0, 0], 'Sell_income_from_trashed[kWh/yen]': [0, 0, 0, 0, 0, 0, 0, 0, 0, 0, 0, 0, 0, 0, 0, 0, 0, 0, 0, 0], 'r[yen/year]': [0.0234375, 0.0234375, 0.0234375, 0.0234375, 0.0234375, 0.0234375, 0.0234375, 0.0234375, 0.0234375, 0.0234375, 0.0234375, 0.0234375, 0.0234375, 0.0234375, 0.0234375, 0.0234375, 0.0234375, 0.0234375, 0.0234375, 0.0234375], 'operation_year': [1, 2, 3, 4, 5, 6, 7, 8, 9, 10, 11, 12, 13, 14, 15, 16, 17, 18, 19, 20]}
SCL:[8378900.32996198  512579.19550191  236381.07831099  512860.60890857
 1382471.48861426  236384.12158441  512860.7636615   512860.76366345
 1105994.85635151  512860.7636635   512860.7636635   236384.12162359
 1382471.49839141  512860.7636635   236384.12162359  512860.7636635
 1382471.49839141  236384.12162359  512860.7636635   512860.7636635 ]
SEL:[8850.68830526 9053.1532668  9058.00969414 9058.12357914 9058.12624836
 9058.12631092 9058.12631238 9058.12631242 9058.12631242 9058.12631242
 9058.12631242 9058.12631242 9058.12631242 9058.12631242 9058.12631242
 9058.12631242 9058.12631242 9058.12631242 9058.12631242 9058.12631242]