LCOE:118.71909869677918COST:{'COST PV': array([5639074.57,   33407.89,   33407.89,   33407.89,   33407.89,
         33407.89,   33407.89,   33407.89,   33407.89,   33407.89,
         33407.89,   33407.89,   33407.89,   33407.89,   33407.89,
         33407.89,   33407.89,   33407.89,   33407.89,   33407.89]), 'TOTAL COST PV': 6273824.39, 'LCOE PV': 126.95, 'COST Wind': array([3817666.82,    8352.52,    8352.52,    8352.52,    8352.52,
          8352.52,    8352.52,    8352.52,    8352.52,    8352.52,
          8352.52,    8352.52,    8352.52,    8352.52,    8352.52,
          8352.52,    8352.52,    8352.52,    8352.52,    8352.52]), 'TOTAL COST Wind': 3976364.77, 'LCOE WIND': 71.91, 'COST DIESEL': array([175324.76, 175324.76,  14633.52, 175324.76, 175324.76,  14633.52,
       175324.76, 175324.76,  14633.52, 175324.76, 175324.76,  14633.52,
       175324.76, 175324.76,  14633.52, 175324.76, 175324.76,  14633.52,
       175324.76, 175324.76]), 'TOTAL COST DIESEL': 2542347.73, 'LCOE DIESEL': 6204.44, 'COST BATTERY': array([1242981.47,   93393.42,   93393.42,   93393.42, 1242981.47,
         93393.42,   93393.42,   93393.42, 1242981.47,   93393.42,
         93393.42,   93393.42, 1242981.47,   93393.42,   93393.42,
         93393.42, 1242981.47,   93393.42,   93393.42,   93393.42]), 'TOTAL COST BATTERY': 7615808.61, 'LCOE BATTERY': 117.39}
global_best_position:[7.71722921e+03 1.26021571e+01 8.49031060e+01 4.78089668e+00]
global_best_fitness_value: 20159126.1111578
PSO.best[variables]:{'pv_cap_max': 7717.229214803827, 'wind_cap_max': 12.602157102644608, 'battery_cap_max': 84.90310603144928, 'battery_max': 67.92248482515943, 'battery_min': 16.980621206289857, 'diesel_max': 4.780896675872363, 'demand_sum': 5230.855261158001, 'pv_power_sum': 2471.0430546966936, 'wind_power_sum': 2764.7950122938805, 'battery_charging_power_sum': 3269.3792208798363, 'battery_discharging_power_sum': 3243.9082890704017, 'diesel_power_sum': 20.488125976860843, 'trashed_power_sum': 0, 'Diesel_Cf_sum': 729.5721870134266}
PSO.initial_cost_parameters:{'It_PV_1kW[yen/year]': [726383.3333, 0, 0, 0, 0, 0, 0, 0, 0, 0, 0, 0, 0, 0, 0, 0, 0, 0, 0, 0], 'Mt_PV_1kW[yen/year]': [4329, 4329, 4329, 4329, 4329, 4329, 4329, 4329, 4329, 4329, 4329, 4329, 4329, 4329, 4329, 4329, 4329, 4329, 4329, 4329], 'Ft_PV_1kW[yen/year]': [0, 0, 0, 0, 0, 0, 0, 0, 0, 0, 0, 0, 0, 0, 0, 0, 0, 0, 0, 0], 'It_Wind_1kW[yen/year]': [302274.7826, 0, 0, 0, 0, 0, 0, 0, 0, 0, 0, 0, 0, 0, 0, 0, 0, 0, 0, 0], 'Mt_Wind_1kW[yen/year]': [662.785213, 662.785213, 662.785213, 662.785213, 662.785213, 662.785213, 662.785213, 662.785213, 662.785213, 662.785213, 662.785213, 662.785213, 662.785213, 662.785213, 662.785213, 662.785213, 662.785213, 662.785213, 662.785213, 662.785213], 'Ft_Wind_1kW[yen/year]': [0, 0, 0, 0, 0, 0, 0, 0, 0, 0, 0, 0, 0, 0, 0, 0, 0, 0, 0, 0], 'It_Diesel_1kW[yen/year]': [33611.11, 33611.11, 0, 33611.11, 33611.11, 0, 33611.11, 33611.11, 0, 33611.11, 33611.11, 0, 33611.11, 33611.11, 0, 33611.11, 33611.11, 0, 33611.11, 33611.11], 'Mt_Diesel_1kW[yen/year]': [8.8, 8.8, 8.8, 8.8, 8.8, 8.8, 8.8, 8.8, 8.8, 8.8, 8.8, 8.8, 8.8, 8.8, 8.8, 8.8, 8.8, 8.8, 8.8, 8.8], 'Diesel_Pf': 129, 'Diesel_Adg': 0.2461, 'Diesel_Bdg': 0.081451, 'It_Battery_1kW[yen/year]': [13540, 0, 0, 0, 13540, 0, 0, 0, 13540, 0, 0, 0, 13540, 0, 0, 0, 13540, 0, 0, 0], 'Mt_Battery_1kW[yen/year]': [1100, 1100, 1100, 1100, 1100, 1100, 1100, 1100, 1100, 1100, 1100, 1100, 1100, 1100, 1100, 1100, 1100, 1100, 1100, 1100], 'Ft_Battery_1kW[yen/year]': [0, 0, 0, 0, 0, 0, 0, 0, 0, 0, 0, 0, 0, 0, 0, 0, 0, 0, 0, 0], 'Sell_income_from_trashed[kWh/yen]': [0, 0, 0, 0, 0, 0, 0, 0, 0, 0, 0, 0, 0, 0, 0, 0, 0, 0, 0, 0], 'r[yen/year]': [0.0234375, 0.0234375, 0.0234375, 0.0234375, 0.0234375, 0.0234375, 0.0234375, 0.0234375, 0.0234375, 0.0234375, 0.0234375, 0.0234375, 0.0234375, 0.0234375, 0.0234375, 0.0234375, 0.0234375, 0.0234375, 0.0234375, 0.0234375], 'operation_year': [1, 2, 3, 4, 5, 6, 7, 8, 9, 10, 11, 12, 13, 14, 15, 16, 17, 18, 19, 20]}
SCL:[10626000.72797365   310308.12764191   149785.41248827   310478.49130099
  1460066.63032731   149787.3408912    310478.58498621   310478.58498738
  1299375.39658185   310478.58498741   310478.58498741   149787.34091603
  1460066.64065324   310478.58498741   149787.34091603   310478.58498741
  1460066.64065324   149787.34091603   310478.58498741   310478.58498741]
SEL:[8305.57262367 8495.5677273  8500.1250463  8500.23191711 8500.23442192
 8500.23448063 8500.234482   8500.23448204 8500.23448204 8500.23448204
 8500.23448204 8500.23448204 8500.23448204 8500.23448204 8500.23448204
 8500.23448204 8500.23448204 8500.23448204 8500.23448204 8500.23448204]