LCOE:118.49248625908984COST:{'COST PV': array([3661282.96,   21690.74,   21690.74,   21690.74,   21690.74,
         21690.74,   21690.74,   21690.74,   21690.74,   21690.74,
         21690.74,   21690.74,   21690.74,   21690.74,   21690.74,
         21690.74,   21690.74,   21690.74,   21690.74,   21690.74]), 'TOTAL COST PV': 4073407.09, 'LCOE PV': 89.85, 'COST Wind': array([3367358.22,    7367.31,    7367.31,    7367.31,    7367.31,
          7367.31,    7367.31,    7367.31,    7367.31,    7367.31,
          7367.31,    7367.31,    7367.31,    7367.31,    7367.31,
          7367.31,    7367.31,    7367.31,    7367.31,    7367.31]), 'TOTAL COST Wind': 3507337.13, 'LCOE WIND': 63.14, 'COST DIESEL': array([431899.03, 431899.03, 206422.14, 431899.03, 431899.03, 206422.14,
       431899.03, 431899.03, 206422.14, 431899.03, 431899.03, 206422.14,
       431899.03, 431899.03, 206422.14, 431899.03, 431899.03, 206422.14,
       431899.03, 431899.03]), 'TOTAL COST DIESEL': 7285119.29, 'LCOE DIESEL': 1783.04, 'COST BATTERY': array([852358.61,  64043.34,  64043.34,  64043.34, 852358.61,  64043.34,
        64043.34,  64043.34, 852358.61,  64043.34,  64043.34,  64043.34,
       852358.61,  64043.34,  64043.34,  64043.34, 852358.61,  64043.34,
        64043.34,  64043.34]), 'TOTAL COST BATTERY': 5222443.12, 'LCOE BATTERY': 82.69}
global_best_position:[5010.56680046   11.11568381   58.22121646    6.70840348]
global_best_fitness_value: 19897642.632662788
PSO.best[variables]:{'pv_cap_max': 5010.566800460527, 'wind_cap_max': 11.11568381325842, 'battery_cap_max': 58.221216461497235, 'battery_max': 46.57697316919779, 'battery_min': 11.644243292299448, 'diesel_max': 6.708403477636595, 'demand_sum': 5230.855261158001, 'pv_power_sum': 2266.74010212637, 'wind_power_sum': 2777.2923031230075, 'battery_charging_power_sum': 3175.168428473208, 'battery_discharging_power_sum': 3157.702063534758, 'diesel_power_sum': 204.28922084707278, 'trashed_power_sum': 0, 'Diesel_Cf_sum': 10318.155471210724}
PSO.initial_cost_parameters:{'It_PV_1kW[yen/year]': [726383.3333, 0, 0, 0, 0, 0, 0, 0, 0, 0, 0, 0, 0, 0, 0, 0, 0, 0, 0, 0], 'Mt_PV_1kW[yen/year]': [4329, 4329, 4329, 4329, 4329, 4329, 4329, 4329, 4329, 4329, 4329, 4329, 4329, 4329, 4329, 4329, 4329, 4329, 4329, 4329], 'Ft_PV_1kW[yen/year]': [0, 0, 0, 0, 0, 0, 0, 0, 0, 0, 0, 0, 0, 0, 0, 0, 0, 0, 0, 0], 'It_Wind_1kW[yen/year]': [302274.7826, 0, 0, 0, 0, 0, 0, 0, 0, 0, 0, 0, 0, 0, 0, 0, 0, 0, 0, 0], 'Mt_Wind_1kW[yen/year]': [662.785213, 662.785213, 662.785213, 662.785213, 662.785213, 662.785213, 662.785213, 662.785213, 662.785213, 662.785213, 662.785213, 662.785213, 662.785213, 662.785213, 662.785213, 662.785213, 662.785213, 662.785213, 662.785213, 662.785213], 'Ft_Wind_1kW[yen/year]': [0, 0, 0, 0, 0, 0, 0, 0, 0, 0, 0, 0, 0, 0, 0, 0, 0, 0, 0, 0], 'It_Diesel_1kW[yen/year]': [33611.11, 33611.11, 0, 33611.11, 33611.11, 0, 33611.11, 33611.11, 0, 33611.11, 33611.11, 0, 33611.11, 33611.11, 0, 33611.11, 33611.11, 0, 33611.11, 33611.11], 'Mt_Diesel_1kW[yen/year]': [8.8, 8.8, 8.8, 8.8, 8.8, 8.8, 8.8, 8.8, 8.8, 8.8, 8.8, 8.8, 8.8, 8.8, 8.8, 8.8, 8.8, 8.8, 8.8, 8.8], 'Diesel_Pf': 129, 'Diesel_Adg': 0.2461, 'Diesel_Bdg': 0.081451, 'It_Battery_1kW[yen/year]': [13540, 0, 0, 0, 13540, 0, 0, 0, 13540, 0, 0, 0, 13540, 0, 0, 0, 13540, 0, 0, 0], 'Mt_Battery_1kW[yen/year]': [1100, 1100, 1100, 1100, 1100, 1100, 1100, 1100, 1100, 1100, 1100, 1100, 1100, 1100, 1100, 1100, 1100, 1100, 1100, 1100], 'Ft_Battery_1kW[yen/year]': [0, 0, 0, 0, 0, 0, 0, 0, 0, 0, 0, 0, 0, 0, 0, 0, 0, 0, 0, 0], 'Sell_income_from_trashed[kWh/yen]': [0, 0, 0, 0, 0, 0, 0, 0, 0, 0, 0, 0, 0, 0, 0, 0, 0, 0, 0, 0], 'r[yen/year]': [0.0234375, 0.0234375, 0.0234375, 0.0234375, 0.0234375, 0.0234375, 0.0234375, 0.0234375, 0.0234375, 0.0234375, 0.0234375, 0.0234375, 0.0234375, 0.0234375, 0.0234375, 0.0234375, 0.0234375, 0.0234375, 0.0234375, 0.0234375], 'operation_year': [1, 2, 3, 4, 5, 6, 7, 8, 9, 10, 11, 12, 13, 14, 15, 16, 17, 18, 19, 20]}
SCL:[8122527.0878478   524712.19022205  299519.67982842  525000.26481865
 1313315.6848373   299523.53597582  525000.42323466  525000.42323665
 1087838.80691414  525000.4232367   525000.4232367   299523.53602547
 1313315.69412537  525000.4232367   299523.53602547  525000.4232367
 1313315.69412537  299523.53602547  525000.4232367   525000.4232367 ]
SEL:[8213.51933033 8401.40865802 8405.9154668  8406.02115313 8406.02363018
 8406.02368824 8406.0236896  8406.02368963 8406.02368963 8406.02368963
 8406.02368963 8406.02368963 8406.02368963 8406.02368963 8406.02368963
 8406.02368963 8406.02368963 8406.02368963 8406.02368963 8406.02368963]