LCOE:110.6212913869631COST:{'COST PV': array([7211216.76,   42721.82,   42721.82,   42721.82,   42721.82,
         42721.82,   42721.82,   42721.82,   42721.82,   42721.82,
         42721.82,   42721.82,   42721.82,   42721.82,   42721.82,
         42721.82,   42721.82,   42721.82,   42721.82,   42721.82]), 'TOTAL COST PV': 8022931.25, 'LCOE PV': 115.8, 'COST Wind': array([1314130.07,    2875.13,    2875.13,    2875.13,    2875.13,
          2875.13,    2875.13,    2875.13,    2875.13,    2875.13,
          2875.13,    2875.13,    2875.13,    2875.13,    2875.13,
          2875.13,    2875.13,    2875.13,    2875.13,    2875.13]), 'TOTAL COST Wind': 1368757.61, 'LCOE WIND': 41.03, 'COST DIESEL': array([373258.96, 373258.96, 136004.94, 373258.96, 373258.96, 136004.94,
       373258.96, 373258.96, 136004.94, 373258.96, 373258.96, 136004.94,
       373258.96, 373258.96, 136004.94, 373258.96, 373258.96, 136004.94,
       373258.96, 373258.96]), 'TOTAL COST DIESEL': 6041655.03, 'LCOE DIESEL': 2651.69, 'COST BATTERY': array([735604.88,  55270.86,  55270.86,  55270.86, 735604.88,  55270.86,
        55270.86,  55270.86, 735604.88,  55270.86,  55270.86,  55270.86,
       735604.88,  55270.86,  55270.86,  55270.86, 735604.88,  55270.86,
        55270.86,  55270.86]), 'TOTAL COST BATTERY': 4507087.29, 'LCOE BATTERY': 61.28}
global_best_position:[9.86874920e+03 4.33795677e+00 5.02462351e+01 7.05879760e+00]
global_best_fitness_value: 19719536.89385365
PSO.best[variables]:{'pv_cap_max': 9868.749203775156, 'wind_cap_max': 4.3379567678924635, 'battery_cap_max': 50.24623510198807, 'battery_max': 40.19698808159046, 'battery_min': 10.049247020397615, 'diesel_max': 7.0587976024780925, 'demand_sum': 5230.855261158001, 'pv_power_sum': 3464.181886923745, 'wind_power_sum': 1667.8263012146936, 'battery_charging_power_sum': 3692.6972279632387, 'battery_discharging_power_sum': 3677.6233574326416, 'diesel_power_sum': 113.92094355015867, 'trashed_power_sum': 0, 'Diesel_Cf_sum': 6797.140905730412}
PSO.initial_cost_parameters:{'It_PV_1kW[yen/year]': [726383.3333, 0, 0, 0, 0, 0, 0, 0, 0, 0, 0, 0, 0, 0, 0, 0, 0, 0, 0, 0], 'Mt_PV_1kW[yen/year]': [4329, 4329, 4329, 4329, 4329, 4329, 4329, 4329, 4329, 4329, 4329, 4329, 4329, 4329, 4329, 4329, 4329, 4329, 4329, 4329], 'Ft_PV_1kW[yen/year]': [0, 0, 0, 0, 0, 0, 0, 0, 0, 0, 0, 0, 0, 0, 0, 0, 0, 0, 0, 0], 'It_Wind_1kW[yen/year]': [302274.7826, 0, 0, 0, 0, 0, 0, 0, 0, 0, 0, 0, 0, 0, 0, 0, 0, 0, 0, 0], 'Mt_Wind_1kW[yen/year]': [662.785213, 662.785213, 662.785213, 662.785213, 662.785213, 662.785213, 662.785213, 662.785213, 662.785213, 662.785213, 662.785213, 662.785213, 662.785213, 662.785213, 662.785213, 662.785213, 662.785213, 662.785213, 662.785213, 662.785213], 'Ft_Wind_1kW[yen/year]': [0, 0, 0, 0, 0, 0, 0, 0, 0, 0, 0, 0, 0, 0, 0, 0, 0, 0, 0, 0], 'It_Diesel_1kW[yen/year]': [33611.11, 33611.11, 0, 33611.11, 33611.11, 0, 33611.11, 33611.11, 0, 33611.11, 33611.11, 0, 33611.11, 33611.11, 0, 33611.11, 33611.11, 0, 33611.11, 33611.11], 'Mt_Diesel_1kW[yen/year]': [8.8, 8.8, 8.8, 8.8, 8.8, 8.8, 8.8, 8.8, 8.8, 8.8, 8.8, 8.8, 8.8, 8.8, 8.8, 8.8, 8.8, 8.8, 8.8, 8.8], 'Diesel_Pf': 129, 'Diesel_Adg': 0.2461, 'Diesel_Bdg': 0.081451, 'It_Battery_1kW[yen/year]': [13540, 0, 0, 0, 13540, 0, 0, 0, 13540, 0, 0, 0, 13540, 0, 0, 0, 13540, 0, 0, 0], 'Mt_Battery_1kW[yen/year]': [1100, 1100, 1100, 1100, 1100, 1100, 1100, 1100, 1100, 1100, 1100, 1100, 1100, 1100, 1100, 1100, 1100, 1100, 1100, 1100], 'Ft_Battery_1kW[yen/year]': [0, 0, 0, 0, 0, 0, 0, 0, 0, 0, 0, 0, 0, 0, 0, 0, 0, 0, 0, 0], 'Sell_income_from_trashed[kWh/yen]': [0, 0, 0, 0, 0, 0, 0, 0, 0, 0, 0, 0, 0, 0, 0, 0, 0, 0, 0, 0], 'r[yen/year]': [0.0234375, 0.0234375, 0.0234375, 0.0234375, 0.0234375, 0.0234375, 0.0234375, 0.0234375, 0.0234375, 0.0234375, 0.0234375, 0.0234375, 0.0234375, 0.0234375, 0.0234375, 0.0234375, 0.0234375, 0.0234375, 0.0234375, 0.0234375], 'operation_year': [1, 2, 3, 4, 5, 6, 7, 8, 9, 10, 11, 12, 13, 14, 15, 16, 17, 18, 19, 20]}
SCL:[9413579.89139307  473866.4631113   236869.6934459   474126.62266686
 1154460.78085016  236872.74300997  474126.76573202  474126.76573382
  917206.76633015  474126.76573386  474126.76573386  236872.74304923
 1154460.78901478  474126.76573386  236872.74304923  474126.76573386
 1154460.78901478  236872.74304923  474126.76573386  474126.76573386]
SEL:[8719.19632525 8918.65332653 8923.4376034  8923.54979645 8923.55242601
 8923.55248764 8923.55248909 8923.55248912 8923.55248912 8923.55248912
 8923.55248912 8923.55248912 8923.55248912 8923.55248912 8923.55248912
 8923.55248912 8923.55248912 8923.55248912 8923.55248912 8923.55248912]