LCOE:119.11332834574627COST:{'COST PV': array([6524361.63,   38652.64,   38652.64,   38652.64,   38652.64,
         38652.64,   38652.64,   38652.64,   38652.64,   38652.64,
         38652.64,   38652.64,   38652.64,   38652.64,   38652.64,
         38652.64,   38652.64,   38652.64,   38652.64,   38652.64]), 'TOTAL COST PV': 7258761.81, 'LCOE PV': 143.93, 'COST Wind': array([3791920.71,    8296.19,    8296.19,    8296.19,    8296.19,
          8296.19,    8296.19,    8296.19,    8296.19,    8296.19,
          8296.19,    8296.19,    8296.19,    8296.19,    8296.19,
          8296.19,    8296.19,    8296.19,    8296.19,    8296.19]), 'TOTAL COST Wind': 3949548.4, 'LCOE WIND': 72.76, 'COST DIESEL': array([161029.46, 161029.46,  14164.22, 161029.46, 161029.46,  14164.22,
       161029.46, 161029.46,  14164.22, 161029.46, 161029.46,  14164.22,
       161029.46, 161029.46,  14164.22, 161029.46, 161029.46,  14164.22,
       161029.46, 161029.46]), 'TOTAL COST DIESEL': 2339397.8, 'LCOE DIESEL': 6401.55, 'COST BATTERY': array([1132812.37,   85115.68,   85115.68,   85115.68, 1132812.37,
         85115.68,   85115.68,   85115.68, 1132812.37,   85115.68,
         85115.68,   85115.68, 1132812.37,   85115.68,   85115.68,
         85115.68, 1132812.37,   85115.68,   85115.68,   85115.68]), 'TOTAL COST BATTERY': 6940797.11, 'LCOE BATTERY': 106.96}
global_best_position:[8.92876900e+03 1.25171689e+01 7.73778942e+01 4.36954476e+00]
global_best_fitness_value: 20222461.51708204
PSO.best[variables]:{'pv_cap_max': 8928.769003351123, 'wind_cap_max': 12.517168909637844, 'battery_cap_max': 77.37789417754861, 'battery_max': 61.90231534203889, 'battery_min': 15.475578835509722, 'diesel_max': 4.369544755704888, 'demand_sum': 5230.855261158001, 'pv_power_sum': 2521.6310889829606, 'wind_power_sum': 2714.1654252969897, 'battery_charging_power_sum': 3267.8633980217005, 'battery_discharging_power_sum': 3244.6500297684347, 'diesel_power_sum': 18.272115131316216, 'trashed_power_sum': 0, 'Diesel_Cf_sum': 706.2881643933481}
PSO.initial_cost_parameters:{'It_PV_1kW[yen/year]': [726383.3333, 0, 0, 0, 0, 0, 0, 0, 0, 0, 0, 0, 0, 0, 0, 0, 0, 0, 0, 0], 'Mt_PV_1kW[yen/year]': [4329, 4329, 4329, 4329, 4329, 4329, 4329, 4329, 4329, 4329, 4329, 4329, 4329, 4329, 4329, 4329, 4329, 4329, 4329, 4329], 'Ft_PV_1kW[yen/year]': [0, 0, 0, 0, 0, 0, 0, 0, 0, 0, 0, 0, 0, 0, 0, 0, 0, 0, 0, 0], 'It_Wind_1kW[yen/year]': [302274.7826, 0, 0, 0, 0, 0, 0, 0, 0, 0, 0, 0, 0, 0, 0, 0, 0, 0, 0, 0], 'Mt_Wind_1kW[yen/year]': [662.785213, 662.785213, 662.785213, 662.785213, 662.785213, 662.785213, 662.785213, 662.785213, 662.785213, 662.785213, 662.785213, 662.785213, 662.785213, 662.785213, 662.785213, 662.785213, 662.785213, 662.785213, 662.785213, 662.785213], 'Ft_Wind_1kW[yen/year]': [0, 0, 0, 0, 0, 0, 0, 0, 0, 0, 0, 0, 0, 0, 0, 0, 0, 0, 0, 0], 'It_Diesel_1kW[yen/year]': [33611.11, 33611.11, 0, 33611.11, 33611.11, 0, 33611.11, 33611.11, 0, 33611.11, 33611.11, 0, 33611.11, 33611.11, 0, 33611.11, 33611.11, 0, 33611.11, 33611.11], 'Mt_Diesel_1kW[yen/year]': [8.8, 8.8, 8.8, 8.8, 8.8, 8.8, 8.8, 8.8, 8.8, 8.8, 8.8, 8.8, 8.8, 8.8, 8.8, 8.8, 8.8, 8.8, 8.8, 8.8], 'Diesel_Pf': 129, 'Diesel_Adg': 0.2461, 'Diesel_Bdg': 0.081451, 'It_Battery_1kW[yen/year]': [13540, 0, 0, 0, 13540, 0, 0, 0, 13540, 0, 0, 0, 13540, 0, 0, 0, 13540, 0, 0, 0], 'Mt_Battery_1kW[yen/year]': [1100, 1100, 1100, 1100, 1100, 1100, 1100, 1100, 1100, 1100, 1100, 1100, 1100, 1100, 1100, 1100, 1100, 1100, 1100, 1100], 'Ft_Battery_1kW[yen/year]': [0, 0, 0, 0, 0, 0, 0, 0, 0, 0, 0, 0, 0, 0, 0, 0, 0, 0, 0, 0], 'Sell_income_from_trashed[kWh/yen]': [0, 0, 0, 0, 0, 0, 0, 0, 0, 0, 0, 0, 0, 0, 0, 0, 0, 0, 0, 0], 'r[yen/year]': [0.0234375, 0.0234375, 0.0234375, 0.0234375, 0.0234375, 0.0234375, 0.0234375, 0.0234375, 0.0234375, 0.0234375, 0.0234375, 0.0234375, 0.0234375, 0.0234375, 0.0234375, 0.0234375, 0.0234375, 0.0234375, 0.0234375, 0.0234375], 'operation_year': [1, 2, 3, 4, 5, 6, 7, 8, 9, 10, 11, 12, 13, 14, 15, 16, 17, 18, 19, 20]}
SCL:[11344243.46655321   292933.07084663   146226.85174176   293093.89534773
  1340790.66147001   146228.73433022   293093.98378724   293093.98378835
  1193925.42151846   293093.98378838   293093.98378838   146228.73435446
  1340790.67095239   293093.98378838   146228.73435446   293093.98378838
  1340790.67095239   146228.73435446   293093.98378838   293093.98378838]
SEL:[8304.09151431 8494.05273666 8498.60924296 8498.7160947  8498.71859907
 8498.71865777 8498.71865915 8498.71865918 8498.71865918 8498.71865918
 8498.71865918 8498.71865918 8498.71865918 8498.71865918 8498.71865918
 8498.71865918 8498.71865918 8498.71865918 8498.71865918 8498.71865918]