LCOE:105.78381866161013COST:{'COST PV': array([5885223.38,   34866.16,   34866.16,   34866.16,   34866.16,
         34866.16,   34866.16,   34866.16,   34866.16,   34866.16,
         34866.16,   34866.16,   34866.16,   34866.16,   34866.16,
         34866.16,   34866.16,   34866.16,   34866.16,   34866.16]), 'TOTAL COST PV': 6547680.39, 'LCOE PV': 82.07, 'COST Wind': array([630148.3 ,   1378.68,   1378.68,   1378.68,   1378.68,   1378.68,
         1378.68,   1378.68,   1378.68,   1378.68,   1378.68,   1378.68,
         1378.68,   1378.68,   1378.68,   1378.68,   1378.68,   1378.68,
         1378.68,   1378.68]), 'TOTAL COST Wind': 656343.16, 'LCOE WIND': 28.59, 'COST DIESEL': array([372854.78, 372854.78, 123688.07, 372854.78, 372854.78, 123688.07,
       372854.78, 372854.78, 123688.07, 372854.78, 372854.78, 123688.07,
       372854.78, 372854.78, 123688.07, 372854.78, 372854.78, 123688.07,
       372854.78, 372854.78]), 'TOTAL COST DIESEL': 5962095.27, 'LCOE DIESEL': 2589.53, 'COST BATTERY': array([1046449.3 ,   78626.65,   78626.65,   78626.65, 1046449.3 ,
         78626.65,   78626.65,   78626.65, 1046449.3 ,   78626.65,
         78626.65,   78626.65, 1046449.3 ,   78626.65,   78626.65,
         78626.65, 1046449.3 ,   78626.65,   78626.65,   78626.65]), 'TOTAL COST BATTERY': 6411646.3, 'LCOE BATTERY': 81.65}
global_best_position:[8.05409066e+03 2.08012596e+00 7.14787771e+01 7.41322470e+00]
global_best_fitness_value: 19395783.992171716
PSO.best[variables]:{'pv_cap_max': 8054.090662148975, 'wind_cap_max': 2.0801259608824543, 'battery_cap_max': 71.47877705562729, 'battery_max': 57.183021644501835, 'battery_min': 14.295755411125459, 'diesel_max': 7.413224701590323, 'demand_sum': 5230.855261158001, 'pv_power_sum': 3988.8742914633503, 'wind_power_sum': 1147.9255633530245, 'battery_charging_power_sum': 3947.5640329887574, 'battery_discharging_power_sum': 3926.500344308909, 'diesel_power_sum': 115.11909502147397, 'trashed_power_sum': 0, 'Diesel_Cf_sum': 6181.141477708637}
PSO.initial_cost_parameters:{'It_PV_1kW[yen/year]': [726383.3333, 0, 0, 0, 0, 0, 0, 0, 0, 0, 0, 0, 0, 0, 0, 0, 0, 0, 0, 0], 'Mt_PV_1kW[yen/year]': [4329, 4329, 4329, 4329, 4329, 4329, 4329, 4329, 4329, 4329, 4329, 4329, 4329, 4329, 4329, 4329, 4329, 4329, 4329, 4329], 'Ft_PV_1kW[yen/year]': [0, 0, 0, 0, 0, 0, 0, 0, 0, 0, 0, 0, 0, 0, 0, 0, 0, 0, 0, 0], 'It_Wind_1kW[yen/year]': [302274.7826, 0, 0, 0, 0, 0, 0, 0, 0, 0, 0, 0, 0, 0, 0, 0, 0, 0, 0, 0], 'Mt_Wind_1kW[yen/year]': [662.785213, 662.785213, 662.785213, 662.785213, 662.785213, 662.785213, 662.785213, 662.785213, 662.785213, 662.785213, 662.785213, 662.785213, 662.785213, 662.785213, 662.785213, 662.785213, 662.785213, 662.785213, 662.785213, 662.785213], 'Ft_Wind_1kW[yen/year]': [0, 0, 0, 0, 0, 0, 0, 0, 0, 0, 0, 0, 0, 0, 0, 0, 0, 0, 0, 0], 'It_Diesel_1kW[yen/year]': [33611.11, 33611.11, 0, 33611.11, 33611.11, 0, 33611.11, 33611.11, 0, 33611.11, 33611.11, 0, 33611.11, 33611.11, 0, 33611.11, 33611.11, 0, 33611.11, 33611.11], 'Mt_Diesel_1kW[yen/year]': [8.8, 8.8, 8.8, 8.8, 8.8, 8.8, 8.8, 8.8, 8.8, 8.8, 8.8, 8.8, 8.8, 8.8, 8.8, 8.8, 8.8, 8.8, 8.8, 8.8], 'Diesel_Pf': 129, 'Diesel_Adg': 0.2461, 'Diesel_Bdg': 0.081451, 'It_Battery_1kW[yen/year]': [13540, 0, 0, 0, 13540, 0, 0, 0, 13540, 0, 0, 0, 13540, 0, 0, 0, 13540, 0, 0, 0], 'Mt_Battery_1kW[yen/year]': [1100, 1100, 1100, 1100, 1100, 1100, 1100, 1100, 1100, 1100, 1100, 1100, 1100, 1100, 1100, 1100, 1100, 1100, 1100, 1100], 'Ft_Battery_1kW[yen/year]': [0, 0, 0, 0, 0, 0, 0, 0, 0, 0, 0, 0, 0, 0, 0, 0, 0, 0, 0, 0], 'Sell_income_from_trashed[kWh/yen]': [0, 0, 0, 0, 0, 0, 0, 0, 0, 0, 0, 0, 0, 0, 0, 0, 0, 0, 0, 0], 'r[yen/year]': [0.0234375, 0.0234375, 0.0234375, 0.0234375, 0.0234375, 0.0234375, 0.0234375, 0.0234375, 0.0234375, 0.0234375, 0.0234375, 0.0234375, 0.0234375, 0.0234375, 0.0234375, 0.0234375, 0.0234375, 0.0234375, 0.0234375, 0.0234375], 'operation_year': [1, 2, 3, 4, 5, 6, 7, 8, 9, 10, 11, 12, 13, 14, 15, 16, 17, 18, 19, 20]}
SCL:[7752965.6208697   487458.49784687  238556.48457713  487726.11962647
 1455548.89783632  238559.55585769  487726.2667952   487726.26679706
 1206382.19723042  487726.2667971   487726.2667971   238559.55589723
 1455548.90813029  487726.2667971   238559.55589723  487726.2667971
 1455548.90813029  238559.55589723  487726.2667971   487726.2667971 ]
SEL:[8968.22648588 9173.3802059  9178.30112716 9178.41652457 9178.41922923
 9178.41929263 9178.41929411 9178.41929415 9178.41929415 9178.41929415
 9178.41929415 9178.41929415 9178.41929415 9178.41929415 9178.41929415
 9178.41929415 9178.41929415 9178.41929415 9178.41929415 9178.41929415]