LCOE:119.82082810325909COST:{'COST PV': array([4925533.99,   29180.62,   29180.62,   29180.62,   29180.62,
         29180.62,   29180.62,   29180.62,   29180.62,   29180.62,
         29180.62,   29180.62,   29180.62,   29180.62,   29180.62,
         29180.62,   29180.62,   29180.62,   29180.62,   29180.62]), 'TOTAL COST PV': 5479965.71, 'LCOE PV': 115.9, 'COST Wind': array([3767478.4 ,    8242.72,    8242.72,    8242.72,    8242.72,
          8242.72,    8242.72,    8242.72,    8242.72,    8242.72,
          8242.72,    8242.72,    8242.72,    8242.72,    8242.72,
          8242.72,    8242.72,    8242.72,    8242.72,    8242.72]), 'TOTAL COST Wind': 3924090.04, 'LCOE WIND': 70.67, 'COST DIESEL': array([376314.6 , 376314.6 , 120859.88, 376314.6 , 376314.6 , 120859.88,
       376314.6 , 376314.6 , 120859.88, 376314.6 , 376314.6 , 120859.88,
       376314.6 , 376314.6 , 120859.88, 376314.6 , 376314.6 , 120859.88,
       376314.6 , 376314.6 ]), 'TOTAL COST DIESEL': 5993563.64, 'LCOE DIESEL': 2798.34, 'COST BATTERY': array([812738.78,  61066.44,  61066.44,  61066.44, 812738.78,  61066.44,
        61066.44,  61066.44, 812738.78,  61066.44,  61066.44,  61066.44,
       812738.78,  61066.44,  61066.44,  61066.44, 812738.78,  61066.44,
        61066.44,  61066.44]), 'TOTAL COST BATTERY': 4979690.49, 'LCOE BATTERY': 78.52}
global_best_position:[6740.72923547   12.43648459   55.5149442     7.60030581]
global_best_fitness_value: 20150739.381779186
PSO.best[variables]:{'pv_cap_max': 6740.7292354659985, 'wind_cap_max': 12.436484594995171, 'battery_cap_max': 55.51494419962495, 'battery_max': 44.41195535969996, 'battery_min': 11.10298883992499, 'diesel_max': 7.600305806334543, 'demand_sum': 5230.855261158001, 'pv_power_sum': 2364.1010593124697, 'wind_power_sum': 2776.317158609097, 'battery_charging_power_sum': 3187.7173976707018, 'battery_discharging_power_sum': 3171.062914410813, 'diesel_power_sum': 107.09152649632203, 'trashed_power_sum': 0, 'Diesel_Cf_sum': 6039.649958280099}
PSO.initial_cost_parameters:{'It_PV_1kW[yen/year]': [726383.3333, 0, 0, 0, 0, 0, 0, 0, 0, 0, 0, 0, 0, 0, 0, 0, 0, 0, 0, 0], 'Mt_PV_1kW[yen/year]': [4329, 4329, 4329, 4329, 4329, 4329, 4329, 4329, 4329, 4329, 4329, 4329, 4329, 4329, 4329, 4329, 4329, 4329, 4329, 4329], 'Ft_PV_1kW[yen/year]': [0, 0, 0, 0, 0, 0, 0, 0, 0, 0, 0, 0, 0, 0, 0, 0, 0, 0, 0, 0], 'It_Wind_1kW[yen/year]': [302274.7826, 0, 0, 0, 0, 0, 0, 0, 0, 0, 0, 0, 0, 0, 0, 0, 0, 0, 0, 0], 'Mt_Wind_1kW[yen/year]': [662.785213, 662.785213, 662.785213, 662.785213, 662.785213, 662.785213, 662.785213, 662.785213, 662.785213, 662.785213, 662.785213, 662.785213, 662.785213, 662.785213, 662.785213, 662.785213, 662.785213, 662.785213, 662.785213, 662.785213], 'Ft_Wind_1kW[yen/year]': [0, 0, 0, 0, 0, 0, 0, 0, 0, 0, 0, 0, 0, 0, 0, 0, 0, 0, 0, 0], 'It_Diesel_1kW[yen/year]': [33611.11, 33611.11, 0, 33611.11, 33611.11, 0, 33611.11, 33611.11, 0, 33611.11, 33611.11, 0, 33611.11, 33611.11, 0, 33611.11, 33611.11, 0, 33611.11, 33611.11], 'Mt_Diesel_1kW[yen/year]': [8.8, 8.8, 8.8, 8.8, 8.8, 8.8, 8.8, 8.8, 8.8, 8.8, 8.8, 8.8, 8.8, 8.8, 8.8, 8.8, 8.8, 8.8, 8.8, 8.8], 'Diesel_Pf': 129, 'Diesel_Adg': 0.2461, 'Diesel_Bdg': 0.081451, 'It_Battery_1kW[yen/year]': [13540, 0, 0, 0, 13540, 0, 0, 0, 13540, 0, 0, 0, 13540, 0, 0, 0, 13540, 0, 0, 0], 'Mt_Battery_1kW[yen/year]': [1100, 1100, 1100, 1100, 1100, 1100, 1100, 1100, 1100, 1100, 1100, 1100, 1100, 1100, 1100, 1100, 1100, 1100, 1100, 1100], 'Ft_Battery_1kW[yen/year]': [0, 0, 0, 0, 0, 0, 0, 0, 0, 0, 0, 0, 0, 0, 0, 0, 0, 0, 0, 0], 'Sell_income_from_trashed[kWh/yen]': [0, 0, 0, 0, 0, 0, 0, 0, 0, 0, 0, 0, 0, 0, 0, 0, 0, 0, 0, 0], 'r[yen/year]': [0.0234375, 0.0234375, 0.0234375, 0.0234375, 0.0234375, 0.0234375, 0.0234375, 0.0234375, 0.0234375, 0.0234375, 0.0234375, 0.0234375, 0.0234375, 0.0234375, 0.0234375, 0.0234375, 0.0234375, 0.0234375, 0.0234375, 0.0234375], 'operation_year': [1, 2, 3, 4, 5, 6, 7, 8, 9, 10, 11, 12, 13, 14, 15, 16, 17, 18, 19, 20]}
SCL:[9655758.91304757  474543.69528093  219346.83142445  474804.22664676
 1226476.70570723  219349.65539152  474804.36991639  474804.36991819
  971021.9998908   474804.36991823  474804.36991823  219349.65542788
 1226476.71438115  474804.36991823  219349.65542788  474804.36991823
 1226476.71438115  219349.65542788  474804.36991823  474804.36991823]
SEL:[8225.78091855 8413.95073765 8418.46427444 8418.57011854 8418.57259929
 8418.57265743 8418.5726588  8418.57265883 8418.57265883 8418.57265883
 8418.57265883 8418.57265883 8418.57265883 8418.57265883 8418.57265883
 8418.57265883 8418.57265883 8418.57265883 8418.57265883 8418.57265883]