LCOE:116.27942978153824COST:{'COST PV': array([4777265.15,   28302.22,   28302.22,   28302.22,   28302.22,
         28302.22,   28302.22,   28302.22,   28302.22,   28302.22,
         28302.22,   28302.22,   28302.22,   28302.22,   28302.22,
         28302.22,   28302.22,   28302.22,   28302.22,   28302.22]), 'TOTAL COST PV': 5315007.32, 'LCOE PV': 105.16, 'COST Wind': array([3308324.32,    7238.15,    7238.15,    7238.15,    7238.15,
          7238.15,    7238.15,    7238.15,    7238.15,    7238.15,
          7238.15,    7238.15,    7238.15,    7238.15,    7238.15,
          7238.15,    7238.15,    7238.15,    7238.15,    7238.15]), 'TOTAL COST Wind': 3445849.23, 'LCOE WIND': 63.99, 'COST DIESEL': array([225273.26, 225273.26,  30918.39, 225273.26, 225273.26,  30918.39,
       225273.26, 225273.26,  30918.39, 225273.26, 225273.26,  30918.39,
       225273.26, 225273.26,  30918.39, 225273.26, 225273.26,  30918.39,
       225273.26, 225273.26]), 'TOTAL COST DIESEL': 3339335.89, 'LCOE DIESEL': 4380.55, 'COST BATTERY': array([1313671.65,   98704.84,   98704.84,   98704.84, 1313671.65,
         98704.84,   98704.84,   98704.84, 1313671.65,   98704.84,
         98704.84,   98704.84, 1313671.65,   98704.84,   98704.84,
         98704.84, 1313671.65,   98704.84,   98704.84,   98704.84]), 'TOTAL COST BATTERY': 8048930.79, 'LCOE BATTERY': 121.16}
global_best_position:[6.53781923e+03 1.09208123e+01 8.97316698e+01 5.78245909e+00]
global_best_fitness_value: 19928514.4096832
PSO.best[variables]:{'pv_cap_max': 6537.819233916561, 'wind_cap_max': 10.92081231407126, 'battery_cap_max': 89.73166984834151, 'battery_max': 71.78533587867321, 'battery_min': 17.946333969668302, 'diesel_max': 5.782459090982565, 'demand_sum': 5230.855261158001, 'pv_power_sum': 2527.135097894384, 'wind_power_sum': 2692.5241388323025, 'battery_charging_power_sum': 3348.444192302312, 'battery_discharging_power_sum': 3321.52469134781, 'diesel_power_sum': 38.115525385815516, 'trashed_power_sum': 0, 'Diesel_Cf_sum': 1543.3750479078076}
PSO.initial_cost_parameters:{'It_PV_1kW[yen/year]': [726383.3333, 0, 0, 0, 0, 0, 0, 0, 0, 0, 0, 0, 0, 0, 0, 0, 0, 0, 0, 0], 'Mt_PV_1kW[yen/year]': [4329, 4329, 4329, 4329, 4329, 4329, 4329, 4329, 4329, 4329, 4329, 4329, 4329, 4329, 4329, 4329, 4329, 4329, 4329, 4329], 'Ft_PV_1kW[yen/year]': [0, 0, 0, 0, 0, 0, 0, 0, 0, 0, 0, 0, 0, 0, 0, 0, 0, 0, 0, 0], 'It_Wind_1kW[yen/year]': [302274.7826, 0, 0, 0, 0, 0, 0, 0, 0, 0, 0, 0, 0, 0, 0, 0, 0, 0, 0, 0], 'Mt_Wind_1kW[yen/year]': [662.785213, 662.785213, 662.785213, 662.785213, 662.785213, 662.785213, 662.785213, 662.785213, 662.785213, 662.785213, 662.785213, 662.785213, 662.785213, 662.785213, 662.785213, 662.785213, 662.785213, 662.785213, 662.785213, 662.785213], 'Ft_Wind_1kW[yen/year]': [0, 0, 0, 0, 0, 0, 0, 0, 0, 0, 0, 0, 0, 0, 0, 0, 0, 0, 0, 0], 'It_Diesel_1kW[yen/year]': [33611.11, 33611.11, 0, 33611.11, 33611.11, 0, 33611.11, 33611.11, 0, 33611.11, 33611.11, 0, 33611.11, 33611.11, 0, 33611.11, 33611.11, 0, 33611.11, 33611.11], 'Mt_Diesel_1kW[yen/year]': [8.8, 8.8, 8.8, 8.8, 8.8, 8.8, 8.8, 8.8, 8.8, 8.8, 8.8, 8.8, 8.8, 8.8, 8.8, 8.8, 8.8, 8.8, 8.8, 8.8], 'Diesel_Pf': 129, 'Diesel_Adg': 0.2461, 'Diesel_Bdg': 0.081451, 'It_Battery_1kW[yen/year]': [13540, 0, 0, 0, 13540, 0, 0, 0, 13540, 0, 0, 0, 13540, 0, 0, 0, 13540, 0, 0, 0], 'Mt_Battery_1kW[yen/year]': [1100, 1100, 1100, 1100, 1100, 1100, 1100, 1100, 1100, 1100, 1100, 1100, 1100, 1100, 1100, 1100, 1100, 1100, 1100, 1100], 'Ft_Battery_1kW[yen/year]': [0, 0, 0, 0, 0, 0, 0, 0, 0, 0, 0, 0, 0, 0, 0, 0, 0, 0, 0, 0], 'Sell_income_from_trashed[kWh/yen]': [0, 0, 0, 0, 0, 0, 0, 0, 0, 0, 0, 0, 0, 0, 0, 0, 0, 0, 0, 0], 'r[yen/year]': [0.0234375, 0.0234375, 0.0234375, 0.0234375, 0.0234375, 0.0234375, 0.0234375, 0.0234375, 0.0234375, 0.0234375, 0.0234375, 0.0234375, 0.0234375, 0.0234375, 0.0234375, 0.0234375, 0.0234375, 0.0234375, 0.0234375, 0.0234375], 'operation_year': [1, 2, 3, 4, 5, 6, 7, 8, 9, 10, 11, 12, 13, 14, 15, 16, 17, 18, 19, 20]}
SCL:[9404125.18578925  359321.08342195  165161.46942228  359518.35590406
 1574485.26299961  165163.5957833   359518.46438679  359518.46438815
 1380130.40555721  359518.46438819  359518.46438819  165163.59581067
 1574485.27413473  359518.46438819  165163.59581067  359518.46438819
 1574485.27413473  165163.59581067  359518.46438819  359518.46438819]
SEL:[8382.82694689 8574.58929089 8579.18899981 8579.29686467 8579.29939279
 8579.29945204 8579.29945343 8579.29945346 8579.29945346 8579.29945346
 8579.29945346 8579.29945346 8579.29945346 8579.29945346 8579.29945346
 8579.29945346 8579.29945346 8579.29945346 8579.29945346 8579.29945346]