LCOE:112.7740290360407COST:{'COST PV': array([5438583.13,   32220.1 ,   32220.1 ,   32220.1 ,   32220.1 ,
         32220.1 ,   32220.1 ,   32220.1 ,   32220.1 ,   32220.1 ,
         32220.1 ,   32220.1 ,   32220.1 ,   32220.1 ,   32220.1 ,
         32220.1 ,   32220.1 ,   32220.1 ,   32220.1 ,   32220.1 ]), 'TOTAL COST PV': 6050765.08, 'LCOE PV': 99.32, 'COST Wind': array([1822661.47,    3987.73,    3987.73,    3987.73,    3987.73,
          3987.73,    3987.73,    3987.73,    3987.73,    3987.73,
          3987.73,    3987.73,    3987.73,    3987.73,    3987.73,
          3987.73,    3987.73,    3987.73,    3987.73,    3987.73]), 'TOTAL COST Wind': 1898428.33, 'LCOE WIND': 46.73, 'COST DIESEL': array([441108.47, 441108.47, 196691.02, 441108.47, 441108.47, 196691.02,
       441108.47, 441108.47, 196691.02, 441108.47, 441108.47, 196691.02,
       441108.47, 441108.47, 196691.02, 441108.47, 441108.47, 196691.02,
       441108.47, 441108.47]), 'TOTAL COST DIESEL': 7355664.65, 'LCOE DIESEL': 2178.35, 'COST BATTERY': array([749187.35,  56291.4 ,  56291.4 ,  56291.4 , 749187.35,  56291.4 ,
        56291.4 ,  56291.4 , 749187.35,  56291.4 ,  56291.4 ,  56291.4 ,
       749187.35,  56291.4 ,  56291.4 ,  56291.4 , 749187.35,  56291.4 ,
        56291.4 ,  56291.4 ]), 'TOTAL COST BATTERY': 4590307.73, 'LCOE BATTERY': 65.6}
global_best_position:[7.44285115e+03 6.01662408e+00 5.11739992e+01 7.27192415e+00]
global_best_fitness_value: 19701322.20543665
PSO.best[variables]:{'pv_cap_max': 7442.85114905266, 'wind_cap_max': 6.016624084146244, 'battery_cap_max': 51.17399920473288, 'battery_max': 40.93919936378631, 'battery_min': 10.234799840946577, 'diesel_max': 7.271924154350462, 'demand_sum': 5230.855261158001, 'pv_power_sum': 3045.983641908527, 'wind_power_sum': 2031.3879913133203, 'battery_charging_power_sum': 3514.270761507004, 'battery_discharging_power_sum': 3498.9185617455832, 'diesel_power_sum': 168.83582769757368, 'trashed_power_sum': 0, 'Diesel_Cf_sum': 9831.351483231565}
PSO.initial_cost_parameters:{'It_PV_1kW[yen/year]': [726383.3333, 0, 0, 0, 0, 0, 0, 0, 0, 0, 0, 0, 0, 0, 0, 0, 0, 0, 0, 0], 'Mt_PV_1kW[yen/year]': [4329, 4329, 4329, 4329, 4329, 4329, 4329, 4329, 4329, 4329, 4329, 4329, 4329, 4329, 4329, 4329, 4329, 4329, 4329, 4329], 'Ft_PV_1kW[yen/year]': [0, 0, 0, 0, 0, 0, 0, 0, 0, 0, 0, 0, 0, 0, 0, 0, 0, 0, 0, 0], 'It_Wind_1kW[yen/year]': [302274.7826, 0, 0, 0, 0, 0, 0, 0, 0, 0, 0, 0, 0, 0, 0, 0, 0, 0, 0, 0], 'Mt_Wind_1kW[yen/year]': [662.785213, 662.785213, 662.785213, 662.785213, 662.785213, 662.785213, 662.785213, 662.785213, 662.785213, 662.785213, 662.785213, 662.785213, 662.785213, 662.785213, 662.785213, 662.785213, 662.785213, 662.785213, 662.785213, 662.785213], 'Ft_Wind_1kW[yen/year]': [0, 0, 0, 0, 0, 0, 0, 0, 0, 0, 0, 0, 0, 0, 0, 0, 0, 0, 0, 0], 'It_Diesel_1kW[yen/year]': [33611.11, 33611.11, 0, 33611.11, 33611.11, 0, 33611.11, 33611.11, 0, 33611.11, 33611.11, 0, 33611.11, 33611.11, 0, 33611.11, 33611.11, 0, 33611.11, 33611.11], 'Mt_Diesel_1kW[yen/year]': [8.8, 8.8, 8.8, 8.8, 8.8, 8.8, 8.8, 8.8, 8.8, 8.8, 8.8, 8.8, 8.8, 8.8, 8.8, 8.8, 8.8, 8.8, 8.8, 8.8], 'Diesel_Pf': 129, 'Diesel_Adg': 0.2461, 'Diesel_Bdg': 0.081451, 'It_Battery_1kW[yen/year]': [13540, 0, 0, 0, 13540, 0, 0, 0, 13540, 0, 0, 0, 13540, 0, 0, 0, 13540, 0, 0, 0], 'Mt_Battery_1kW[yen/year]': [1100, 1100, 1100, 1100, 1100, 1100, 1100, 1100, 1100, 1100, 1100, 1100, 1100, 1100, 1100, 1100, 1100, 1100, 1100, 1100], 'Ft_Battery_1kW[yen/year]': [0, 0, 0, 0, 0, 0, 0, 0, 0, 0, 0, 0, 0, 0, 0, 0, 0, 0, 0, 0], 'Sell_income_from_trashed[kWh/yen]': [0, 0, 0, 0, 0, 0, 0, 0, 0, 0, 0, 0, 0, 0, 0, 0, 0, 0, 0, 0], 'r[yen/year]': [0.0234375, 0.0234375, 0.0234375, 0.0234375, 0.0234375, 0.0234375, 0.0234375, 0.0234375, 0.0234375, 0.0234375, 0.0234375, 0.0234375, 0.0234375, 0.0234375, 0.0234375, 0.0234375, 0.0234375, 0.0234375, 0.0234375, 0.0234375], 'operation_year': [1, 2, 3, 4, 5, 6, 7, 8, 9, 10, 11, 12, 13, 14, 15, 16, 17, 18, 19, 20]}
SCL:[8257993.68270485  533314.73795008  289186.53065994  533607.53547005
 1226503.63704329  289190.25377386  533607.69648325  533607.69648528
  982086.20305388  533607.69648533  533607.69648533  289190.2538218
 1226503.64571741  533607.69648533  289190.2538218   533607.69648533
 1226503.64571741  289190.2538218   533607.69648533  533607.69648533]
SEL:[8544.85596108 8740.32481885 8745.01343409 8745.12338384 8745.12596082
 8745.12602122 8745.12602263 8745.12602266 8745.12602266 8745.12602267
 8745.12602267 8745.12602267 8745.12602267 8745.12602267 8745.12602267
 8745.12602267 8745.12602267 8745.12602267 8745.12602267 8745.12602267]