LCOE:109.79091409235333COST:{'COST PV': array([6631460.04,   39287.13,   39287.13,   39287.13,   39287.13,
         39287.13,   39287.13,   39287.13,   39287.13,   39287.13,
         39287.13,   39287.13,   39287.13,   39287.13,   39287.13,
         39287.13,   39287.13,   39287.13,   39287.13,   39287.13]), 'TOTAL COST PV': 7377915.51, 'LCOE PV': 108.08, 'COST Wind': array([1411381.26,    3087.91,    3087.91,    3087.91,    3087.91,
          3087.91,    3087.91,    3087.91,    3087.91,    3087.91,
          3087.91,    3087.91,    3087.91,    3087.91,    3087.91,
          3087.91,    3087.91,    3087.91,    3087.91,    3087.91]), 'TOTAL COST Wind': 1470051.47, 'LCOE WIND': 42.01, 'COST DIESEL': array([346603.4 , 346603.4 ,  99381.16, 346603.4 , 346603.4 ,  99381.16,
       346603.4 , 346603.4 ,  99381.16, 346603.4 , 346603.4 ,  99381.16,
       346603.4 , 346603.4 ,  99381.16, 346603.4 , 346603.4 ,  99381.16,
       346603.4 , 346603.4 ]), 'TOTAL COST DIESEL': 5448734.53, 'LCOE DIESEL': 3150.61, 'COST BATTERY': array([898176.51,  67485.94,  67485.94,  67485.94, 898176.51,  67485.94,
        67485.94,  67485.94, 898176.51,  67485.94,  67485.94,  67485.94,
       898176.51,  67485.94,  67485.94,  67485.94, 898176.51,  67485.94,
        67485.94,  67485.94]), 'TOTAL COST BATTERY': 5503171.66, 'LCOE BATTERY': 74.74}
global_best_position:[9.07533613e+03 4.65898394e+00 6.13508546e+01 7.35537264e+00]
global_best_fitness_value: 19586926.11440159
PSO.best[variables]:{'pv_cap_max': 9075.336130446027, 'wind_cap_max': 4.658983941927354, 'battery_cap_max': 61.350854644339435, 'battery_max': 49.08068371547155, 'battery_min': 12.270170928867888, 'diesel_max': 7.355372636384258, 'demand_sum': 5230.855261158001, 'pv_power_sum': 3413.3009711943996, 'wind_power_sum': 1749.4884023074499, 'battery_charging_power_sum': 3699.725028649296, 'battery_discharging_power_sum': 3681.319772255993, 'diesel_power_sum': 86.47114404945398, 'trashed_power_sum': 0, 'Diesel_Cf_sum': 4965.821608862398}
PSO.initial_cost_parameters:{'It_PV_1kW[yen/year]': [726383.3333, 0, 0, 0, 0, 0, 0, 0, 0, 0, 0, 0, 0, 0, 0, 0, 0, 0, 0, 0], 'Mt_PV_1kW[yen/year]': [4329, 4329, 4329, 4329, 4329, 4329, 4329, 4329, 4329, 4329, 4329, 4329, 4329, 4329, 4329, 4329, 4329, 4329, 4329, 4329], 'Ft_PV_1kW[yen/year]': [0, 0, 0, 0, 0, 0, 0, 0, 0, 0, 0, 0, 0, 0, 0, 0, 0, 0, 0, 0], 'It_Wind_1kW[yen/year]': [302274.7826, 0, 0, 0, 0, 0, 0, 0, 0, 0, 0, 0, 0, 0, 0, 0, 0, 0, 0, 0], 'Mt_Wind_1kW[yen/year]': [662.785213, 662.785213, 662.785213, 662.785213, 662.785213, 662.785213, 662.785213, 662.785213, 662.785213, 662.785213, 662.785213, 662.785213, 662.785213, 662.785213, 662.785213, 662.785213, 662.785213, 662.785213, 662.785213, 662.785213], 'Ft_Wind_1kW[yen/year]': [0, 0, 0, 0, 0, 0, 0, 0, 0, 0, 0, 0, 0, 0, 0, 0, 0, 0, 0, 0], 'It_Diesel_1kW[yen/year]': [33611.11, 33611.11, 0, 33611.11, 33611.11, 0, 33611.11, 33611.11, 0, 33611.11, 33611.11, 0, 33611.11, 33611.11, 0, 33611.11, 33611.11, 0, 33611.11, 33611.11], 'Mt_Diesel_1kW[yen/year]': [8.8, 8.8, 8.8, 8.8, 8.8, 8.8, 8.8, 8.8, 8.8, 8.8, 8.8, 8.8, 8.8, 8.8, 8.8, 8.8, 8.8, 8.8, 8.8, 8.8], 'Diesel_Pf': 129, 'Diesel_Adg': 0.2461, 'Diesel_Bdg': 0.081451, 'It_Battery_1kW[yen/year]': [13540, 0, 0, 0, 13540, 0, 0, 0, 13540, 0, 0, 0, 13540, 0, 0, 0, 13540, 0, 0, 0], 'Mt_Battery_1kW[yen/year]': [1100, 1100, 1100, 1100, 1100, 1100, 1100, 1100, 1100, 1100, 1100, 1100, 1100, 1100, 1100, 1100, 1100, 1100, 1100, 1100], 'Ft_Battery_1kW[yen/year]': [0, 0, 0, 0, 0, 0, 0, 0, 0, 0, 0, 0, 0, 0, 0, 0, 0, 0, 0, 0], 'Sell_income_from_trashed[kWh/yen]': [0, 0, 0, 0, 0, 0, 0, 0, 0, 0, 0, 0, 0, 0, 0, 0, 0, 0, 0, 0], 'r[yen/year]': [0.0234375, 0.0234375, 0.0234375, 0.0234375, 0.0234375, 0.0234375, 0.0234375, 0.0234375, 0.0234375, 0.0234375, 0.0234375, 0.0234375, 0.0234375, 0.0234375, 0.0234375, 0.0234375, 0.0234375, 0.0234375, 0.0234375, 0.0234375], 'operation_year': [1, 2, 3, 4, 5, 6, 7, 8, 9, 10, 11, 12, 13, 14, 15, 16, 17, 18, 19, 20]}
SCL:[9074927.59785466  456213.768403    209239.44146344  456464.23637333
 1287154.93689204  209242.13530355  456464.37410896  456464.3741107
 1039932.70722259  456464.37411074  456464.37411074  209242.13533824
 1287154.94599509  456464.37411074  209242.13533824  456464.37411074
 1287154.94599509  209242.13533824  456464.37411074  456464.37411074]
SEL:[8726.06318393 8925.67726885 8930.46531361 8930.57759502 8930.58022665
 8930.58028833 8930.58028977 8930.58028981 8930.58028981 8930.58028981
 8930.58028981 8930.58028981 8930.58028981 8930.58028981 8930.58028981
 8930.58028981 8930.58028981 8930.58028981 8930.58028981 8930.58028981]