LCOE:111.23675747618037COST:{'COST PV': array([5903284.29,   34973.16,   34973.16,   34973.16,   34973.16,
         34973.16,   34973.16,   34973.16,   34973.16,   34973.16,
         34973.16,   34973.16,   34973.16,   34973.16,   34973.16,
         34973.16,   34973.16,   34973.16,   34973.16,   34973.16]), 'TOTAL COST PV': 6567774.28, 'LCOE PV': 89.29, 'COST Wind': array([850562.47,   1860.91,   1860.91,   1860.91,   1860.91,   1860.91,
         1860.91,   1860.91,   1860.91,   1860.91,   1860.91,   1860.91,
         1860.91,   1860.91,   1860.91,   1860.91,   1860.91,   1860.91,
         1860.91,   1860.91]), 'TOTAL COST Wind': 885919.8, 'LCOE WIND': 32.56, 'COST DIESEL': array([488811.38, 488811.38, 245962.37, 488811.38, 488811.38, 245962.37,
       488811.38, 488811.38, 245962.37, 488811.38, 488811.38, 245962.37,
       488811.38, 488811.38, 245962.37, 488811.38, 488811.38, 245962.37,
       488811.38, 488811.38]), 'TOTAL COST DIESEL': 8319133.53, 'LCOE DIESEL': 2004.48, 'COST BATTERY': array([716056.18,  53802.04,  53802.04,  53802.04, 716056.18,  53802.04,
        53802.04,  53802.04, 716056.18,  53802.04,  53802.04,  53802.04,
       716056.18,  53802.04,  53802.04,  53802.04, 716056.18,  53802.04,
        53802.04,  53802.04]), 'TOTAL COST BATTERY': 4387311.46, 'LCOE BATTERY': 58.58}
global_best_position:[8.07880751e+03 2.80771538e+00 4.89109415e+01 7.22526023e+00]
global_best_fitness_value: 19977555.797324304
PSO.best[variables]:{'pv_cap_max': 8078.807512681833, 'wind_cap_max': 2.8077153826347776, 'battery_cap_max': 48.91094153750548, 'battery_max': 39.128753230004385, 'battery_min': 9.782188307501096, 'diesel_max': 7.2252602265839, 'demand_sum': 5230.855261158001, 'pv_power_sum': 3677.7337281122755, 'wind_power_sum': 1360.2817614306157, 'battery_charging_power_sum': 3759.4373405371384, 'battery_discharging_power_sum': 3744.7640580758853, 'diesel_power_sum': 207.51305407636156, 'trashed_power_sum': 0, 'Diesel_Cf_sum': 12294.939144017011}
PSO.initial_cost_parameters:{'It_PV_1kW[yen/year]': [726383.3333, 0, 0, 0, 0, 0, 0, 0, 0, 0, 0, 0, 0, 0, 0, 0, 0, 0, 0, 0], 'Mt_PV_1kW[yen/year]': [4329, 4329, 4329, 4329, 4329, 4329, 4329, 4329, 4329, 4329, 4329, 4329, 4329, 4329, 4329, 4329, 4329, 4329, 4329, 4329], 'Ft_PV_1kW[yen/year]': [0, 0, 0, 0, 0, 0, 0, 0, 0, 0, 0, 0, 0, 0, 0, 0, 0, 0, 0, 0], 'It_Wind_1kW[yen/year]': [302274.7826, 0, 0, 0, 0, 0, 0, 0, 0, 0, 0, 0, 0, 0, 0, 0, 0, 0, 0, 0], 'Mt_Wind_1kW[yen/year]': [662.785213, 662.785213, 662.785213, 662.785213, 662.785213, 662.785213, 662.785213, 662.785213, 662.785213, 662.785213, 662.785213, 662.785213, 662.785213, 662.785213, 662.785213, 662.785213, 662.785213, 662.785213, 662.785213, 662.785213], 'Ft_Wind_1kW[yen/year]': [0, 0, 0, 0, 0, 0, 0, 0, 0, 0, 0, 0, 0, 0, 0, 0, 0, 0, 0, 0], 'It_Diesel_1kW[yen/year]': [33611.11, 33611.11, 0, 33611.11, 33611.11, 0, 33611.11, 33611.11, 0, 33611.11, 33611.11, 0, 33611.11, 33611.11, 0, 33611.11, 33611.11, 0, 33611.11, 33611.11], 'Mt_Diesel_1kW[yen/year]': [8.8, 8.8, 8.8, 8.8, 8.8, 8.8, 8.8, 8.8, 8.8, 8.8, 8.8, 8.8, 8.8, 8.8, 8.8, 8.8, 8.8, 8.8, 8.8, 8.8], 'Diesel_Pf': 129, 'Diesel_Adg': 0.2461, 'Diesel_Bdg': 0.081451, 'It_Battery_1kW[yen/year]': [13540, 0, 0, 0, 13540, 0, 0, 0, 13540, 0, 0, 0, 13540, 0, 0, 0, 13540, 0, 0, 0], 'Mt_Battery_1kW[yen/year]': [1100, 1100, 1100, 1100, 1100, 1100, 1100, 1100, 1100, 1100, 1100, 1100, 1100, 1100, 1100, 1100, 1100, 1100, 1100, 1100], 'Ft_Battery_1kW[yen/year]': [0, 0, 0, 0, 0, 0, 0, 0, 0, 0, 0, 0, 0, 0, 0, 0, 0, 0, 0, 0], 'Sell_income_from_trashed[kWh/yen]': [0, 0, 0, 0, 0, 0, 0, 0, 0, 0, 0, 0, 0, 0, 0, 0, 0, 0, 0, 0], 'r[yen/year]': [0.0234375, 0.0234375, 0.0234375, 0.0234375, 0.0234375, 0.0234375, 0.0234375, 0.0234375, 0.0234375, 0.0234375, 0.0234375, 0.0234375, 0.0234375, 0.0234375, 0.0234375, 0.0234375, 0.0234375, 0.0234375, 0.0234375, 0.0234375], 'operation_year': [1, 2, 3, 4, 5, 6, 7, 8, 9, 10, 11, 12, 13, 14, 15, 16, 17, 18, 19, 20]}
SCL:[7776453.68919312  579129.36181646  336594.13730593  579447.31222888
 1241701.62671247  336598.47076612  579447.487074    579447.4870762
  998852.61923973  579447.48707625  579447.48707625  336598.47082191
 1241701.63549407  579447.48707625  336598.47082191  579447.48707625
 1241701.63549407  336598.47082191  579447.48707625  579447.48707625]
SEL:[8784.4080383  8985.35679779 8990.17685673 8990.28988889 8990.29253811
 8990.2926002  8990.29260166 8990.29260169 8990.2926017  8990.2926017
 8990.2926017  8990.2926017  8990.2926017  8990.2926017  8990.2926017
 8990.2926017  8990.2926017  8990.2926017  8990.2926017  8990.2926017 ]