LCOE:112.9124018013099COST:{'COST PV': array([5154481.45,   30536.98,   30536.98,   30536.98,   30536.98,
         30536.98,   30536.98,   30536.98,   30536.98,   30536.98,
         30536.98,   30536.98,   30536.98,   30536.98,   30536.98,
         30536.98,   30536.98,   30536.98,   30536.98,   30536.98]), 'TOTAL COST PV': 5734684.13, 'LCOE PV': 104.42, 'COST Wind': array([2589238.38,    5664.89,    5664.89,    5664.89,    5664.89,
          5664.89,    5664.89,    5664.89,    5664.89,    5664.89,
          5664.89,    5664.89,    5664.89,    5664.89,    5664.89,
          5664.89,    5664.89,    5664.89,    5664.89,    5664.89]), 'TOTAL COST Wind': 2696871.35, 'LCOE WIND': 56.18, 'COST DIESEL': array([351019.06, 351019.06, 120112.11, 351019.06, 351019.06, 120112.11,
       351019.06, 351019.06, 120112.11, 351019.06, 351019.06, 120112.11,
       351019.06, 351019.06, 120112.11, 351019.06, 351019.06, 120112.11,
       351019.06, 351019.06]), 'TOTAL COST DIESEL': 5634939.48, 'LCOE DIESEL': 2720.52, 'COST BATTERY': array([919669.69,  69100.86,  69100.86,  69100.86, 919669.69,  69100.86,
        69100.86,  69100.86, 919669.69,  69100.86,  69100.86,  69100.86,
       919669.69,  69100.86,  69100.86,  69100.86, 919669.69,  69100.86,
        69100.86,  69100.86]), 'TOTAL COST BATTERY': 5634861.43, 'LCOE BATTERY': 83.03}
global_best_position:[7.05405016e+03 8.54710229e+00 6.28189680e+01 6.86995922e+00]
global_best_fitness_value: 19494665.964624092
PSO.best[variables]:{'pv_cap_max': 7054.050155618164, 'wind_cap_max': 8.547102285020232, 'battery_cap_max': 62.81896796194682, 'battery_max': 50.25517436955746, 'battery_min': 12.563793592389365, 'diesel_max': 6.869959224808553, 'demand_sum': 5230.855261158001, 'pv_power_sum': 2746.096343156045, 'wind_power_sum': 2400.040905431426, 'battery_charging_power_sum': 3411.934478841931, 'battery_discharging_power_sum': 3393.0887884533454, 'diesel_power_sum': 103.56370295911424, 'trashed_power_sum': 0, 'Diesel_Cf_sum': 6002.582484894244}
PSO.initial_cost_parameters:{'It_PV_1kW[yen/year]': [726383.3333, 0, 0, 0, 0, 0, 0, 0, 0, 0, 0, 0, 0, 0, 0, 0, 0, 0, 0, 0], 'Mt_PV_1kW[yen/year]': [4329, 4329, 4329, 4329, 4329, 4329, 4329, 4329, 4329, 4329, 4329, 4329, 4329, 4329, 4329, 4329, 4329, 4329, 4329, 4329], 'Ft_PV_1kW[yen/year]': [0, 0, 0, 0, 0, 0, 0, 0, 0, 0, 0, 0, 0, 0, 0, 0, 0, 0, 0, 0], 'It_Wind_1kW[yen/year]': [302274.7826, 0, 0, 0, 0, 0, 0, 0, 0, 0, 0, 0, 0, 0, 0, 0, 0, 0, 0, 0], 'Mt_Wind_1kW[yen/year]': [662.785213, 662.785213, 662.785213, 662.785213, 662.785213, 662.785213, 662.785213, 662.785213, 662.785213, 662.785213, 662.785213, 662.785213, 662.785213, 662.785213, 662.785213, 662.785213, 662.785213, 662.785213, 662.785213, 662.785213], 'Ft_Wind_1kW[yen/year]': [0, 0, 0, 0, 0, 0, 0, 0, 0, 0, 0, 0, 0, 0, 0, 0, 0, 0, 0, 0], 'It_Diesel_1kW[yen/year]': [33611.11, 33611.11, 0, 33611.11, 33611.11, 0, 33611.11, 33611.11, 0, 33611.11, 33611.11, 0, 33611.11, 33611.11, 0, 33611.11, 33611.11, 0, 33611.11, 33611.11], 'Mt_Diesel_1kW[yen/year]': [8.8, 8.8, 8.8, 8.8, 8.8, 8.8, 8.8, 8.8, 8.8, 8.8, 8.8, 8.8, 8.8, 8.8, 8.8, 8.8, 8.8, 8.8, 8.8, 8.8], 'Diesel_Pf': 129, 'Diesel_Adg': 0.2461, 'Diesel_Bdg': 0.081451, 'It_Battery_1kW[yen/year]': [13540, 0, 0, 0, 13540, 0, 0, 0, 13540, 0, 0, 0, 13540, 0, 0, 0, 13540, 0, 0, 0], 'Mt_Battery_1kW[yen/year]': [1100, 1100, 1100, 1100, 1100, 1100, 1100, 1100, 1100, 1100, 1100, 1100, 1100, 1100, 1100, 1100, 1100, 1100, 1100, 1100], 'Ft_Battery_1kW[yen/year]': [0, 0, 0, 0, 0, 0, 0, 0, 0, 0, 0, 0, 0, 0, 0, 0, 0, 0, 0, 0], 'Sell_income_from_trashed[kWh/yen]': [0, 0, 0, 0, 0, 0, 0, 0, 0, 0, 0, 0, 0, 0, 0, 0, 0, 0, 0, 0], 'r[yen/year]': [0.0234375, 0.0234375, 0.0234375, 0.0234375, 0.0234375, 0.0234375, 0.0234375, 0.0234375, 0.0234375, 0.0234375, 0.0234375, 0.0234375, 0.0234375, 0.0234375, 0.0234375, 0.0234375, 0.0234375, 0.0234375, 0.0234375, 0.0234375], 'operation_year': [1, 2, 3, 4, 5, 6, 7, 8, 9, 10, 11, 12, 13, 14, 15, 16, 17, 18, 19, 20]}
SCL:[8807971.74033828  456071.27399671  225411.94414003  456321.66373556
 1306890.61839207  225414.84619202  456321.80142817  456321.8014299
 1075983.67243414  456321.80142994  456321.80142994  225414.84622939
 1306890.6276347   456321.80142994  225414.84622939  456321.80142994
 1306890.6276347   225414.84622939  456321.80142994  456321.80142994]
SEL:[8444.8632574  8638.04472032 8642.67846894 8642.78713205 8642.78967888
 8642.78973857 8642.78973997 8642.78974    8642.78974    8642.78974
 8642.78974    8642.78974    8642.78974    8642.78974    8642.78974
 8642.78974    8642.78974    8642.78974    8642.78974    8642.78974   ]