LCOE:109.2091949272995COST:{'COST PV': array([5421522.12,   32119.03,   32119.03,   32119.03,   32119.03,
         32119.03,   32119.03,   32119.03,   32119.03,   32119.03,
         32119.03,   32119.03,   32119.03,   32119.03,   32119.03,
         32119.03,   32119.03,   32119.03,   32119.03,   32119.03]), 'TOTAL COST PV': 6031783.64, 'LCOE PV': 87.85, 'COST Wind': array([1262813.89,    2762.86,    2762.86,    2762.86,    2762.86,
          2762.86,    2762.86,    2762.86,    2762.86,    2762.86,
          2762.86,    2762.86,    2762.86,    2762.86,    2762.86,
          2762.86,    2762.86,    2762.86,    2762.86,    2762.86]), 'TOTAL COST Wind': 1315308.25, 'LCOE WIND': 38.26, 'COST DIESEL': array([344924.23, 344924.23, 106113.04, 344924.23, 344924.23, 106113.04,
       344924.23, 344924.23, 106113.04, 344924.23, 344924.23, 106113.04,
       344924.23, 344924.23, 106113.04, 344924.23, 344924.23, 106113.04,
       344924.23, 344924.23]), 'TOTAL COST DIESEL': 5465617.44, 'LCOE DIESEL': 2673.97, 'COST BATTERY': array([1134236.35,   85222.68,   85222.68,   85222.68, 1134236.35,
         85222.68,   85222.68,   85222.68, 1134236.35,   85222.68,
         85222.68,   85222.68, 1134236.35,   85222.68,   85222.68,
         85222.68, 1134236.35,   85222.68,   85222.68,   85222.68]), 'TOTAL COST BATTERY': 6949521.92, 'LCOE BATTERY': 93.44}
global_best_position:[7.41950269e+03 4.16856154e+00 7.74751608e+01 7.10512638e+00]
global_best_fitness_value: 19575022.58025379
PSO.best[variables]:{'pv_cap_max': 7419.502689005522, 'wind_cap_max': 4.168561540071781, 'battery_cap_max': 77.47516078618676, 'battery_max': 61.980128628949416, 'battery_min': 15.495032157237354, 'diesel_max': 7.105126379342242, 'demand_sum': 5230.855261158001, 'pv_power_sum': 3433.1759590684455, 'wind_power_sum': 1718.721362327188, 'battery_charging_power_sum': 3741.838826437139, 'battery_discharging_power_sum': 3718.5962782012807, 'diesel_power_sum': 102.20048799822425, 'trashed_power_sum': 0, 'Diesel_Cf_sum': 5302.525901284695}
PSO.initial_cost_parameters:{'It_PV_1kW[yen/year]': [726383.3333, 0, 0, 0, 0, 0, 0, 0, 0, 0, 0, 0, 0, 0, 0, 0, 0, 0, 0, 0], 'Mt_PV_1kW[yen/year]': [4329, 4329, 4329, 4329, 4329, 4329, 4329, 4329, 4329, 4329, 4329, 4329, 4329, 4329, 4329, 4329, 4329, 4329, 4329, 4329], 'Ft_PV_1kW[yen/year]': [0, 0, 0, 0, 0, 0, 0, 0, 0, 0, 0, 0, 0, 0, 0, 0, 0, 0, 0, 0], 'It_Wind_1kW[yen/year]': [302274.7826, 0, 0, 0, 0, 0, 0, 0, 0, 0, 0, 0, 0, 0, 0, 0, 0, 0, 0, 0], 'Mt_Wind_1kW[yen/year]': [662.785213, 662.785213, 662.785213, 662.785213, 662.785213, 662.785213, 662.785213, 662.785213, 662.785213, 662.785213, 662.785213, 662.785213, 662.785213, 662.785213, 662.785213, 662.785213, 662.785213, 662.785213, 662.785213, 662.785213], 'Ft_Wind_1kW[yen/year]': [0, 0, 0, 0, 0, 0, 0, 0, 0, 0, 0, 0, 0, 0, 0, 0, 0, 0, 0, 0], 'It_Diesel_1kW[yen/year]': [33611.11, 33611.11, 0, 33611.11, 33611.11, 0, 33611.11, 33611.11, 0, 33611.11, 33611.11, 0, 33611.11, 33611.11, 0, 33611.11, 33611.11, 0, 33611.11, 33611.11], 'Mt_Diesel_1kW[yen/year]': [8.8, 8.8, 8.8, 8.8, 8.8, 8.8, 8.8, 8.8, 8.8, 8.8, 8.8, 8.8, 8.8, 8.8, 8.8, 8.8, 8.8, 8.8, 8.8, 8.8], 'Diesel_Pf': 129, 'Diesel_Adg': 0.2461, 'Diesel_Bdg': 0.081451, 'It_Battery_1kW[yen/year]': [13540, 0, 0, 0, 13540, 0, 0, 0, 13540, 0, 0, 0, 13540, 0, 0, 0, 13540, 0, 0, 0], 'Mt_Battery_1kW[yen/year]': [1100, 1100, 1100, 1100, 1100, 1100, 1100, 1100, 1100, 1100, 1100, 1100, 1100, 1100, 1100, 1100, 1100, 1100, 1100, 1100], 'Ft_Battery_1kW[yen/year]': [0, 0, 0, 0, 0, 0, 0, 0, 0, 0, 0, 0, 0, 0, 0, 0, 0, 0, 0, 0], 'Sell_income_from_trashed[kWh/yen]': [0, 0, 0, 0, 0, 0, 0, 0, 0, 0, 0, 0, 0, 0, 0, 0, 0, 0, 0, 0], 'r[yen/year]': [0.0234375, 0.0234375, 0.0234375, 0.0234375, 0.0234375, 0.0234375, 0.0234375, 0.0234375, 0.0234375, 0.0234375, 0.0234375, 0.0234375, 0.0234375, 0.0234375, 0.0234375, 0.0234375, 0.0234375, 0.0234375, 0.0234375, 0.0234375], 'operation_year': [1, 2, 3, 4, 5, 6, 7, 8, 9, 10, 11, 12, 13, 14, 15, 16, 17, 18, 19, 20]}
SCL:[7976546.29362769  464773.48469123  226214.69566712  465028.65206985
 1514042.45872887  226217.60805409  465028.79238975  465028.79239151
 1275231.28513655  465028.79239156  465028.79239156  226217.60809158
 1514042.46943653  465028.79239156  226217.60809158  465028.79239156
 1514042.46943653  226217.60809158  465028.79239156  465028.79239156]
SEL:[8767.2125436  8967.76794554 8972.57856921 8972.6913801  8972.69402414
 8972.69408611 8972.69408756 8972.69408759 8972.6940876  8972.6940876
 8972.6940876  8972.6940876  8972.6940876  8972.6940876  8972.6940876
 8972.6940876  8972.6940876  8972.6940876  8972.6940876  8972.6940876 ]